43513,00;0.149;0.302;0,00E+00;0,00E+00
43513,00;0.151;0.3;0,00E+00;0.0768
43541,00;0.154;0.298;0.496;0.0939
43541,00;0.157;0.296;0.321;0.114
43572,00;0.161;0.293;0.283;0.123
43572,00;0.165;0.29;0.22;0.13
43572,00;0.17;0.287;0.314;0.145
43602,00;0.175;0.283;0.3;0.153
43602,00;0.18;0.28;0.242;0.169
43633,00;0.186;0.276;0.196;0.175
43633,00;0.191;0.272;0.22;0.18
43633,00;0.197;0.267;0.3;0.195
43663,00;0.204;0.263;0.203;0.204
43663,00;0.211;0.258;0.182;0.211
43694,00;0.218;0.253;0.255;0.216
43694,00;0.225;0.249;0.377;0.229
43694,00;0.233;0.243;0.331;0.248
43725,00;0.242;0.238;0.207;0.257
43725,00;0.251;0.232;0.111;0.263
18,00;0.26;0.226;0.125;0.265
18,00;0.269;0.221;0.261;0.268
18,00;0.278;0.215;0.337;0.283
43483,00;0.288;0.21;0.219;0.296
43483,00;0.299;0.204;0.224;0.299
43514,00;0.309;0.198;0.265;0.305
43514,00;0.32;0.193;0.257;0.319
43514,00;0.332;0.187;0.272;0.327
43542,00;0.344;0.181;0.296;0.337
43542,00;0.356;0.175;0.202;0.346
43573,00;0.369;0.17;0.148;0.342
43573,00;0.382;0.165;0.2;0.346
43573,00;0.395;0.159;0.311;0.356
43603,00;0.408;0.154;0.246;0.367
43603,00;0.422;0.149;0.166;0.373
43634,00;0.436;0.144;0.189;0.373
43634,00;0.451;0.14;0.235;0.373
43634,00;0.465;0.136;0.286;0.379
43664,00;0.48;0.132;0.325;0.391
43664,00;0.495;0.128;0.106;0.387
43695,00;0.51;0.125;0.167;0.383
43695,00;0.525;0.121;0.266;0.401
43695,00;0.541;0.118;0.348;0.408
43726,00;0.557;0.115;0.244;0.401
43726,00;0.573;0.112;0.239;0.403
19,00;0.589;0.11;0.205;0.409
19,00;0.605;0.108;0.209;0.408
19,00;0.621;0.106;0.206;0.404
43484,00;0.638;0.105;0.2;0.404
43484,00;0.654;0.104;0.177;0.41
43515,00;0.67;0.103;0.369;0.412
43515,00;0.687;0.103;0.13;0.416
43515,00;0.704;0.104;0.104;0.413
43543,00;0.72;0.103;0.234;0.406
43543,00;0.736;0.104;0.408;0.41
43574,00;0.752;0.105;0.195;0.406
43574,00;0.768;0.106;0.16;0.402
43574,00;0.784;0.108;0.197;0.404
43604,00;0.801;0.11;0.291;0.401
43604,00;0.816;0.112;0.242;0.39
43635,00;0.831;0.115;0.196;0.391
43635,00;0.847;0.118;0.368;0.393
43635,00;0.862;0.121;0.0992;0.377
43665,00;0.876;0.125;0.0381;0.383
43665,00;0.892;0.128;0.139;0.385
43696,00;0.906;0.132;0.42;0.368
43696,00;0.92;0.135;0.21;0.368
43696,00;0.935;0.14;0.232;0.365
43727,00;0.948;0.144;0.218;0.357
43727,00;0.962;0.149;0.186;0.354
20,00;0.975;0.154;0.247;0.346
20,00;0.988;0.158;0.245;0.336
20,00;1,00E+00;0.164;0.285;0.331
43485,00;01.jan;0.169;0.214;0.318
43485,00;01.feb;0.174;0.274;0.316
43516,00;01.apr;0.179;0.392;0.309
43516,00;01.mai;0.184;0.238;0.289
43516,00;01.jun;0.19;0.0784;0.296
43544,00;01.jul;0.196;0.22;0.292
43544,00;01.aug;0.201;0.407;0.273
43575,00;01.sep;0.207;0.245;0.266
43575,00;01.sep;0.212;0.256;0.257
43575,00;01.jan;0.217;0.237;0.246
43605,00;01.nov;0.222;0.218;0.238
43605,00;01.des;0.227;0.21;0.232
43636,00;jan.13;0.232;0.255;0.22
43636,00;jan.13;0.237;0.185;0.211
43636,00;jan.14;0.242;0.206;0.206
43666,00;jan.15;0.246;0.305;0.196
43666,00;jan.15;0.25;0.279;0.18
43697,00;jan.16;0.254;0.195;0.173
43697,00;jan.17;0.258;0.197;0.167
43697,00;jan.17;0.262;0.257;0.156
43728,00;jan.18;0.266;0.252;0.147
43728,00;jan.18;0.269;0.238;0.136
21,00;jan.18;0.272;0.208;0.127
21,00;jan.19;0.275;0.198;0.12
21,00;jan.19;0.277;0.229;0.112
43486,00;01.feb;0.28;0.229;0.102
43486,00;01.feb;0.282;0.283;0.0931
43517,00;01.feb;0.284;0.285;0.0802
43517,00;01.feb;0.285;0.208;0.0686
43517,00;jan.21;0.287;0.157;0.0645
43545,00;jan.21;0.288;0.233;0.057
43545,00;jan.21;0.29;0.303;0.0455
43576,00;jan.21;0.29;0.229;0.0331
43576,00;jan.21;0.291;0.201;0.0262
43576,00;jan.21;0.292;0.229;0.019
43606,00;jan.21;0.292;0.238;0.00669
43606,00;jan.21;0.292;0.167;0.00116
43637,00;jan.21;0.292;0.184;0.00624
43637,00;jan.21;0.292;0.247;0.0152
43637,00;jan.21;0.292;0.273;0.0261
43667,00;jan.21;0.291;0.28;0.0367
43667,00;jan.21;0.29;0.242;0.0482
43698,00;jan.21;0.289;0.179;0.0566
43698,00;jan.21;0.288;0.214;0.0619
43698,00;01.feb;0.286;0.245;0.0729
43729,00;01.feb;0.284;0.236;0.0831
43729,00;01.feb;0.283;0.208;0.0901
22,00;jan.19;0.281;0.226;0.1
22,00;jan.19;0.278;0.253;0.108
22,00;jan.19;0.276;0.247;0.119
43487,00;jan.18;0.273;0.255;0.129
43487,00;jan.18;0.27;0.195;0.138
43518,00;jan.17;0.267;0.227;0.146
43518,00;jan.17;0.264;0.186;0.155
43518,00;jan.16;0.26;0.262;0.163
43546,00;jan.16;0.256;0.195;0.173
43546,00;jan.15;0.252;0.248;0.181
43577,00;jan.15;0.248;0.226;0.19
43577,00;jan.14;0.244;0.275;0.202
43577,00;jan.13;0.239;0.165;0.21
43607,00;jan.13;0.235;0.195;0.216
43607,00;01.des;0.23;0.233;0.224
43638,00;01.nov;0.225;0.247;0.236
43638,00;01.jan;0.22;0.222;0.243
43638,00;01.sep;0.215;0.237;0.252
43668,00;01.sep;0.209;0.23;0.263
43668,00;01.aug;0.204;0.321;0.268
43699,00;01.jul;0.199;0.221;0.282
43699,00;01.jun;0.193;0.103;0.289
43699,00;01.mai;0.188;0.202;0.287
43730,00;01.apr;0.182;0.399;0.303
43730,00;01.feb;0.177;0.244;0.317
23,00;01.jan;0.172;0.154;0.316
23,00;1,00E+00;0.166;0.209;0.316
23,00;0.99;0.162;0.292;0.329
43488,00;0.977;0.156;0.219;0.34
43488,00;0.965;0.152;0.182;0.341
43519,00;0.952;0.147;0.194;0.346
43519,00;0.938;0.142;0.226;0.347
43519,00;0.925;0.138;0.209;0.352
43547,00;0.911;0.134;0.286;0.359
43547,00;0.898;0.131;0.218;0.361
43578,00;0.883;0.128;0.114;0.37
43578,00;0.869;0.124;0.133;0.371
43578,00;0.855;0.121;0.242;0.376
43608,00;0.839;0.118;0.215;0.385
43608,00;0.824;0.115;0.173;0.382
43639,00;0.809;0.112;0.201;0.382
43639,00;0.794;0.11;0.221;0.389
43639,00;0.778;0.108;0.244;0.391
43669,00;0.763;0.106;0.209;0.389
43669,00;0.748;0.105;0.189;0.388
43700,00;0.732;0.104;0.392;0.389
43700,00;0.716;0.104;0.291;0.388
43700,00;0.701;0.104;0.0534;0.398
43731,00;0.685;0.104;0.0587;0.398
43731,00;0.669;0.104;0.293;0.39
24,00;0.653;0.105;0.16;0.391
24,00;0.638;0.106;0.112;0.39
24,00;0.622;0.107;0.203;0.387
43489,00;0.607;0.108;0.255;0.388
43489,00;0.591;0.11;0.212;0.389
43520,00;0.576;0.112;0.254;0.384
43520,00;0.561;0.114;0.196;0.376
43520,00;0.546;0.117;0.328;0.374
43548,00;0.532;0.119;0.127;0.375
43548,00;0.517;0.123;0.145;0.37
43579,00;0.503;0.126;0.143;0.365
43579,00;0.489;0.129;0.308;0.358
43579,00;0.475;0.133;0.177;0.358
43609,00;0.461;0.137;0.224;0.355
43609,00;0.448;0.141;0.189;0.347
43640,00;0.435;0.145;0.223;0.342
43640,00;0.422;0.149;0.184;0.337
43640,00;0.409;0.154;0.246;0.333
43670,00;0.397;0.159;0.244;0.325
43670,00;0.385;0.164;0.253;0.313
43701,00;0.374;0.168;0.164;0.306
43701,00;0.362;0.173;0.162;0.301
43701,00;0.351;0.178;0.272;0.301
43732,00;0.341;0.183;0.186;0.289
43732,00;0.331;0.188;0.223;0.286
25,00;0.32;0.194;0.236;0.279
25,00;0.311;0.198;0.382;0.261
25,00;0.302;0.203;0.169;0.254
43490,00;0.293;0.208;0.145;0.252
43490,00;0.284;0.213;0.233;0.247
43521,00;0.276;0.218;0.332;0.232
43521,00;0.268;0.222;0.249;0.221
43521,00;0.261;0.227;0.263;0.212
43549,00;0.254;0.231;0.254;0.201
43549,00;0.247;0.235;0.214;0.192
43580,00;0.241;0.24;0.134;0.185
43580,00;0.235;0.244;0.206;0.18
43580,00;0.229;0.248;0.262;0.17
43610,00;0.223;0.251;0.29;0.158
43610,00;0.218;0.255;0.271;0.148
43641,00;0.213;0.258;0.293;0.136
43641,00;0.209;0.261;0.29;0.125
43641,00;0.205;0.264;0.253;0.114
43671,00;0.202;0.266;0.223;0.104
43671,00;0.199;0.269;0.186;0.0963
43702,00;0.196;0.271;0.245;0.0888
43702,00;0.193;0.273;0.336;0.0774
43702,00;0.191;0.274;0.302;0.0613
43733,00;0.189;0.276;0.215;0.0522
43733,00;0.187;0.277;0.185;0.0458
26,00;0.186;0.278;0.291;0.0366
26,00;0.185;0.279;0.296;0.0237
26,00;0.185;0.279;0.293;0.0113
43491,00;0.184;0.279;0.214;0.00212
43491,00;0.184;0.279;0.194;0.007
43522,00;0.185;0.279;0.196;0.0131
43522,00;0.185;0.279;0.238;0.0226
43522,00;0.186;0.278;0.258;0.0323
43550,00;0.187;0.277;0.257;0.0425
43550,00;0.189;0.276;0.25;0.0529
43581,00;0.191;0.274;0.237;0.0613
43581,00;0.193;0.273;0.286;0.0719
43581,00;0.195;0.271;0.248;0.0842
43611,00;0.198;0.269;0.204;0.0925
43611,00;0.201;0.266;0.232;0.0993
43642,00;0.204;0.264;0.287;0.111
43642,00;0.208;0.261;0.277;0.123
43642,00;0.213;0.258;0.227;0.133
43672,00;0.217;0.255;0.285;0.141
43672,00;0.222;0.252;0.296;0.154
43703,00;0.227;0.248;0.253;0.167
43703,00;0.233;0.244;0.206;0.173
43703,00;0.239;0.241;0.234;0.183
43734,00;0.245;0.236;0.187;0.193
43734,00;0.252;0.232;0.168;0.197
27,00;0.258;0.228;0.246;0.204
27,00;0.266;0.224;0.292;0.216
27,00;0.273;0.219;0.269;0.228
43492,00;0.281;0.214;0.278;0.236
43492,00;0.29;0.21;0.209;0.249
43523,00;0.299;0.204;0.109;0.255
43523,00;0.307;0.2;0.28;0.254
43523,00;0.316;0.195;0.293;0.268
43551,00;0.327;0.19;0.223;0.281
43551,00;0.336;0.185;0.205;0.283
43582,00;0.347;0.18;0.421;0.293
43582,00;0.358;0.175;0.178;0.304
43582,00;0.369;0.17;0.11;0.306
43612,00;0.38;0.165;0.169;0.311
43612,00;0.392;0.16;0.243;0.317
43643,00;0.404;0.156;0.212;0.325
43643,00;0.416;0.151;0.174;0.334
43643,00;0.429;0.147;0.184;0.332
43673,00;0.441;0.143;0.205;0.336
43673,00;0.455;0.139;0.202;0.344
43704,00;0.468;0.135;0.239;0.346
43704,00;0.481;0.131;0.246;0.359
43704,00;0.496;0.127;0.0926;0.353
43735,00;0.509;0.125;0.176;0.354
43735,00;0.523;0.121;0.245;0.375
28,00;0.538;0.118;0.405;0.371
28,00;0.552;0.115;0.239;0.363
28,00;0.567;0.113;0.161;0.362
43493,00;0.581;0.111;0.22;0.37
43493,00;0.596;0.109;0.212;0.377
43524,00;0.611;0.107;0.192;0.374
43524,00;0.626;0.106;0.16;0.375
43524,00;0.641;0.105;0.129;0.376
43552,00;0.656;0.104;0.171;0.377
43552,00;0.671;0.104;0.389;0.375
43583,00;0.686;0.104;0.0691;0.38
43583,00;0.701;0.105;0.0596;0.378
43583,00;0.716;0.104;0.15;0.371
43613,00;0.731;0.104;0.408;0.374
43613,00;0.746;0.105;0.188;0.37
43644,00;0.76;0.106;0.204;0.367
43644,00;0.775;0.108;0.224;0.366
43644,00;0.79;0.11;0.209;0.368
43674,00;0.804;0.112;0.215;0.362
43674,00;0.818;0.114;0.173;0.355
43705,00;0.832;0.117;0.11;0.352
43705,00;0.846;0.119;0.253;0.353
43705,00;0.86;0.122;0.228;0.342
43736,00;0.873;0.126;0.0626;0.341
43736,00;0.886;0.129;0.0919;0.343
29,00;0.899;0.132;0.282;0.33
29,00;0.912;0.135;0.252;0.325
29,00;0.924;0.139;0.193;0.325
43494,00;0.937;0.143;0.211;0.318
43494,00;0.949;0.147;0.203;0.311
29.2;0.96;0.151;0.158;0.307
29.2;0.972;0.155;0.203;0.301
29.2;0.983;0.16;0.227;0.295
43553,00;0.993;0.164;0.247;0.286
43553,00;1,00E+00;0.169;0.249;0.278
43584,00;01.jan;0.173;0.0921;0.267
43584,00;01.feb;0.177;0.127;0.268
43584,00;01.mar;0.182;0.224;0.264
43614,00;01.apr;0.186;0.244;0.248
43614,00;01.mai;0.191;0.0708;0.246
43645,00;01.jun;0.195;0.104;0.244
43645,00;01.jul;0.199;0.282;0.24
43645,00;01.aug;0.204;0.28;0.226
43675,00;01.aug;0.208;0.216;0.215
43675,00;01.sep;0.213;0.171;0.212
43706,00;01.jan;0.217;0.313;0.201
43706,00;01.nov;0.221;0.302;0.187
43706,00;01.nov;0.224;0.23;0.176
43737,00;01.des;0.228;0.161;0.169
43737,00;01.des;0.231;0.17;0.164
30,00;jan.13;0.235;0.24;0.156
30,00;jan.13;0.238;0.287;0.145
30,00;jan.14;0.241;0.236;0.133
43495,00;jan.14;0.244;0.237;0.126
43495,00;jan.15;0.246;0.248;0.116
30.2;jan.15;0.249;0.222;0.105
30.2;jan.15;0.251;0.231;0.0995
30.2;jan.16;0.253;0.264;0.0874
43554,00;jan.16;0.255;0.274;0.0761
43554,00;jan.16;0.256;0.205;0.0677
43585,00;jan.16;0.258;0.244;0.0582
43585,00;jan.17;0.259;0.268;0.0495
43585,00;jan.17;0.26;0.32;0.0363
43615,00;jan.17;0.26;0.223;0.0243
43615,00;jan.17;0.261;0.181;0.0183
43646,00;jan.17;0.261;0.22;0.0112
43646,00;jan.17;0.261;0.292;0.00123
43646,00;jan.17;0.261;0.235;0.0117
43676,00;jan.17;0.261;0.211;0.0202
43676,00;jan.17;0.261;0.227;0.0271
43707,00;jan.17;0.26;0.227;0.0384
43707,00;jan.17;0.259;0.174;0.0457
43707,00;jan.16;0.259;0.21;0.0515
43738,00;jan.16;0.257;0.262;0.0617
43738,00;jan.16;0.256;0.245;0.0725
31,00;jan.16;0.254;0.253;0.0811
31,00;jan.15;0.253;0.246;0.092
31,00;jan.15;0.251;0.203;0.102
43496,00;jan.15;0.248;0.213;0.107
43496,00;jan.14;0.246;0.275;0.118
31.2;jan.14;0.243;0.248;0.13
31.2;jan.14;0.241;0.192;0.137
31.2;jan.13;0.238;0.203;0.145
43555,00;jan.13;0.234;0.205;0.154
43555,00;01.des;0.231;0.165;0.161
31.4;01.nov;0.228;0.119;0.167
31.4;01.nov;0.224;0.191;0.171
31.4;01.jan;0.22;0.2;0.18
43616,00;01.jan;0.216;0.247;0.189
43616,00;01.sep;0.212;0.237;0.197
31.6;01.aug;0.208;0.277;0.208
31.6;01.aug;0.204;0.251;0.218
31.6;01.jul;0.199;0.28;0.226
43677,00;01.jun;0.195;0.21;0.238
43677,00;01.mai;0.19;0.0485;0.246
43708,00;01.apr;0.185;0.231;0.237
43708,00;01.mar;0.181;0.358;0.255
43708,00;01.feb;0.176;0.295;0.273
31.9;01.feb;0.171;0.118;0.272
31.9;1,00E+00;0.167;0.185;0.278
32,00;0.995;0.162;0.137;0.284
32,00;0.984;0.158;0.2;0.285
32,00;0.974;0.154;0.263;0.294
32.1;0.962;0.149;0.213;0.307
32.1;0.951;0.145;0.186;0.307
32.2;0.939;0.141;0.189;0.304
32.2;0.927;0.138;0.229;0.311
32.2;0.915;0.134;0.226;0.318
32.3;0.903;0.131;0.472;0.325
32.3;0.89;0.128;0.186;0.343
32.4;0.876;0.125;0.0941;0.342
32.4;0.863;0.122;0.0314;0.331
32.4;0.85;0.119;0.34;0.341
32.5;0.837;0.117;0.174;0.348
32.5;0.823;0.114;0.117;0.348
32.6;0.809;0.112;0.157;0.35
32.6;0.795;0.11;0.188;0.352
32.6;0.781;0.109;0.22;0.354
32.7;0.767;0.107;0.151;0.359
32.7;0.753;0.106;0.178;0.357
32.8;0.738;0.105;0.186;0.355
32.8;0.724;0.105;0.388;0.361
32.8;0.71;0.105;0.109;0.369
32.9;0.695;0.106;0.225;0.358
32.9;0.681;0.105;0.164;0.346
33,00;0.667;0.105;0.269;0.35
33,00;0.653;0.106;0.135;0.348
33,00;0.639;0.107;0.0853;0.341
33.1;0.626;0.108;0.14;0.34
33.1;0.612;0.109;0.201;0.347
33.2;0.598;0.11;0.155;0.351
33.2;0.584;0.112;0.17;0.346
33.2;0.571;0.114;0.194;0.341
33.3;0.557;0.116;0.15;0.339
33.3;0.544;0.118;0.304;0.339
33.4;0.53;0.12;0.152;0.337
33.4;0.518;0.124;0.214;0.331
33.4;0.505;0.126;0.092;0.322
33.5;0.492;0.129;0.249;0.321
33.5;0.48;0.132;0.172;0.323
33.6;0.467;0.135;0.175;0.317
33.6;0.455;0.138;0.28;0.313
33.6;0.443;0.142;0.285;0.299
33.7;0.432;0.145;0.198;0.289
33.7;0.421;0.149;0.146;0.29
33.8;0.41;0.153;0.215;0.282
33.8;0.4;0.157;0.209;0.276
33.8;0.39;0.161;0.178;0.272
33.9;0.38;0.165;0.217;0.265
33.9;0.37;0.169;0.146;0.256
34,00;0.361;0.173;0.118;0.252
34,00;0.352;0.178;0.201;0.252
34,00;0.343;0.182;0.414;0.239
34.1;0.335;0.186;0.173;0.223
34.1;0.327;0.191;0.184;0.224
34.2;0.319;0.194;0.223;0.219
34.2;0.311;0.198;0.36;0.202
34.2;0.304;0.202;0.229;0.199
34.3;0.298;0.206;0.199;0.191
34.3;0.291;0.21;0.246;0.181
34.4;0.285;0.213;0.266;0.173
34.4;0.279;0.217;0.308;0.16
34.4;0.274;0.22;0.211;0.148
34.5;0.269;0.223;0.183;0.143
34.5;0.264;0.226;0.184;0.137
34.6;0.26;0.228;0.232;0.127
34.6;0.255;0.231;0.2;0.119
34.6;0.251;0.233;0.209;0.111
34.7;0.248;0.235;0.188;0.103
34.7;0.244;0.237;0.236;0.0958
34.8;0.241;0.239;0.273;0.0849
34.8;0.239;0.241;0.248;0.0728
34.8;0.236;0.242;0.225;0.0654
34.9;0.234;0.244;0.215;0.0563
34.9;0.232;0.244;0.225;0.0476
35,00;0.231;0.245;0.236;0.0394
35,00;0.23;0.246;0.282;0.0285
35,00;0.229;0.247;0.285;0.0174
35.1;0.228;0.247;0.23;0.00617
35.1;0.228;0.247;0.21;0.00186
35.2;0.229;0.247;0.235;0.00981
35.2;0.229;0.246;0.269;0.0213
35.2;0.23;0.246;0.267;0.0311
35.3;0.231;0.245;0.276;0.0423
35.3;0.233;0.243;0.236;0.0535
35.4;0.234;0.242;0.224;0.0609
35.4;0.237;0.241;0.258;0.0704
35.4;0.239;0.239;0.274;0.0824
35.5;0.242;0.237;0.243;0.092
35.5;0.245;0.235;0.198;0.102
35.6;0.249;0.233;0.219;0.108
35.6;0.253;0.23;0.255;0.118
35.6;0.257;0.228;0.244;0.13
35.7;0.261;0.225;0.159;0.137
35.7;0.266;0.222;0.219;0.142
35.8;0.271;0.219;0.274;0.154
35.8;0.277;0.216;0.237;0.165
35.8;0.283;0.212;0.192;0.171
35.9;0.289;0.209;0.205;0.18
35.9;0.295;0.205;0.26;0.189
36,00;0.302;0.201;0.176;0.199
36,00;0.309;0.198;0.24;0.204
36,00;0.316;0.194;0.23;0.209
36.1;0.324;0.191;0.319;0.224
36.1;0.332;0.186;0.177;0.233
36.2;0.341;0.182;0.299;0.236
36.2;0.349;0.177;0.254;0.248
36.2;0.359;0.173;0.173;0.253
36.3;0.368;0.169;0.102;0.255
36.3;0.377;0.165;0.241;0.263
36.4;0.387;0.161;0.202;0.272
36.4;0.398;0.157;0.172;0.279
36.4;0.408;0.153;0.188;0.28
36.5;0.419;0.15;0.198;0.291
36.5;0.43;0.146;0.138;0.298
36.6;0.441;0.142;0.147;0.296
36.6;0.453;0.139;0.166;0.302
36.6;0.464;0.135;0.172;0.308
36.7;0.476;0.132;0.162;0.313
36.7;0.488;0.128;0.482;0.317
36.8;0.501;0.125;0.0436;0.313
36.8;0.513;0.125;0.303;0.318
36.8;0.526;0.12;0.157;0.33
36.9;0.539;0.117;0.476;0.331
36.9;0.552;0.115;0.136;0.33
37,00;0.565;0.113;0.0882;0.333
37,00;0.578;0.111;0.199;0.334
37,00;0.591;0.109;0.152;0.341
37.1;0.605;0.108;0.141;0.342
37.1;0.618;0.106;0.113;0.337
37.2;0.632;0.105;0.138;0.34
37.2;0.645;0.104;0.16;0.339
37.2;0.659;0.104;0.14;0.344
37.3;0.673;0.103;0.371;0.343
37.3;0.686;0.103;0.0241;0.343
37.4;0.7;0.104;0.132;0.346
37.4;0.714;0.103;0.105;0.341
37.4;0.728;0.103;0.456;0.34
37.5;0.741;0.104;0.205;0.339
37.5;0.755;0.105;0.132;0.337
37.6;0.768;0.106;0.127;0.334
37.6;0.781;0.108;0.14;0.332
37.6;0.794;0.109;0.168;0.332
37.7;0.808;0.111;0.209;0.331
37.7;0.821;0.113;0.176;0.324
37.8;0.833;0.116;0.103;0.321
37.8;0.846;0.118;0.169;0.32
37.8;0.858;0.12;0.267;0.31
37.9;0.87;0.123;0.0783;0.315
37.9;0.883;0.127;0.152;0.312
38,00;0.894;0.129;0.268;0.299
38,00;0.906;0.132;0.305;0.295
38,00;0.917;0.135;0.119;0.291
38.1;0.928;0.138;0.16;0.289
38.1;0.939;0.141;0.25;0.281
38.2;0.95;0.145;0.173;0.273
38.2;0.96;0.148;0.143;0.27
38.2;0.97;0.152;0.128;0.267
38.3;0.98;0.156;0.175;0.264
38.3;0.99;0.159;0.219;0.255
38.4;0.999;0.163;0.273;0.245
38.4;01.jan;0.167;0.165;0.237
38.4;01.feb;0.171;0.102;0.232
38.5;01.mar;0.174;0.205;0.232
38.5;01.mar;0.178;0.228;0.217
38.6;01.apr;0.182;0.286;0.211
38.6;01.mai;0.186;0.202;0.203
38.6;01.jun;0.189;0.164;0.198
38.7;01.jun;0.194;0.241;0.197
38.7;01.jul;0.197;0.346;0.183
38.8;01.aug;0.2;0.312;0.171
38.8;01.aug;0.203;0.219;0.162
38.8;01.sep;0.206;0.153;0.157
38.9;01.sep;0.209;0.226;0.149
38.9;01.jan;0.212;0.236;0.14
39,00;01.jan;0.215;0.269;0.13
39,00;01.nov;0.218;0.267;0.119
39,00;01.nov;0.22;0.237;0.107
39.1;01.nov;0.222;0.161;0.1
39.1;01.des;0.224;0.213;0.0955
39.2;01.des;0.226;0.265;0.0844
39.2;01.des;0.228;0.236;0.0724
39.2;01.des;0.229;0.209;0.0666
39.3;jan.13;0.231;0.246;0.057
39.3;jan.13;0.232;0.258;0.0464
39.4;jan.13;0.233;0.215;0.0369
39.4;jan.13;0.234;0.215;0.0287
39.4;jan.13;0.234;0.196;0.0206
39.5;jan.13;0.235;0.208;0.0136
39.5;jan.13;0.235;0.274;0.00546
39.6;jan.13;0.235;0.259;0.00841
39.6;jan.13;0.235;0.22;0.0167
39.6;jan.13;0.234;0.206;0.0237
39.7;jan.13;0.233;0.246;0.0331
39.7;jan.13;0.233;0.229;0.0424
39.8;jan.13;0.232;0.248;0.0523
39.8;jan.13;0.23;0.197;0.0614
39.8;01.des;0.229;0.233;0.0681
39.9;01.des;0.227;0.214;0.0782
39.9;01.des;0.226;0.192;0.0875
40,00;01.des;0.224;0.19;0.0918
40,00;01.nov;0.222;0.269;0.103
40,00;01.nov;0.219;0.26;0.114
40.1;01.jan;0.217;0.252;0.123
40.1;01.jan;0.215;0.178;0.134
40.2;01.sep;0.212;0.22;0.139
40.2;01.sep;0.209;0.25;0.148
40.2;01.aug;0.206;0.244;0.162
40.3;01.aug;0.202;0.169;0.166
40.3;01.jul;0.199;0.217;0.172
40.4;01.jul;0.196;0.231;0.179
40.4;01.jun;0.193;0.183;0.19
40.4;01.mai;0.189;0.163;0.193
40.5;01.mai;0.186;0.211;0.2
40.5;01.apr;0.182;0.262;0.211
40.6;01.mar;0.178;0.187;0.219
40.6;01.feb;0.174;0.243;0.224
40.6;01.jan;0.171;0.145;0.233
40.7;01.jan;0.167;0.116;0.239
40.7;0.997;0.163;0.128;0.238
40.8;0.988;0.16;0.282;0.246
40.8;0.979;0.156;0.286;0.26
40.8;0.969;0.152;0.197;0.27
40.9;0.959;0.148;0.131;0.272
40.9;0.949;0.145;0.129;0.274
41,00;0.938;0.141;0.166;0.276
41,00;0.928;0.138;0.159;0.285
41,00;0.916;0.135;0.155;0.286
41.1;0.906;0.132;0.269;0.289
41.1;0.894;0.129;0.181;0.294
41.2;0.883;0.127;0.0355;0.298
41.2;0.871;0.124;0.149;0.3
41.2;0.859;0.121;0.2;0.304
41.3;0.847;0.118;0.192;0.315
41.3;0.835;0.116;0.155;0.316
41.4;0.822;0.114;0.166;0.311
41.4;0.81;0.112;0.207;0.313
41.4;0.797;0.11;0.179;0.321
41.5;0.785;0.109;0.135;0.322
41.5;0.772;0.107;0.152;0.324
41.6;0.759;0.106;0.115;0.326
41.6;0.746;0.105;0.13;0.325
41.6;0.733;0.104;0.225;0.328
41.7;0.72;0.104;0.349;0.326
41.7;0.707;0.104;0.035;0.338
41.8;0.693;0.105;0.118;0.334
41.8;0.68;0.104;0.18;0.321
41.8;0.667;0.104;0.262;0.328
41.9;0.654;0.105;0.146;0.326
41.9;0.641;0.106;0.0837;0.322
42,00;0.628;0.107;0.0924;0.32
42,00;0.615;0.108;0.155;0.32
42,00;0.603;0.109;0.161;0.321
42.1;0.59;0.111;0.162;0.317
42.1;0.577;0.112;0.146;0.314
42.2;0.565;0.114;0.135;0.314
42.2;0.553;0.116;0.142;0.311
42.2;0.54;0.119;0.371;0.313
42.3;0.528;0.121;0.214;0.309
42.3;0.517;0.125;0.256;0.294
42.4;0.505;0.126;0.0454;0.293
42.4;0.494;0.129;0.369;0.295
42.4;0.482;0.132;0.184;0.287
42.5;0.471;0.135;0.146;0.285
42.5;0.46;0.138;0.144;0.28
42.6;0.45;0.141;0.184;0.271
42.6;0.44;0.144;0.159;0.268
42.6;0.429;0.148;0.151;0.263
42.7;0.42;0.151;0.113;0.258
42.7;0.41;0.155;0.13;0.256
42.8;0.4;0.158;0.252;0.25
42.8;0.391;0.162;0.285;0.237
42.8;0.383;0.165;0.233;0.226
42.9;0.374;0.168;0.143;0.221
42.9;0.366;0.172;0.089;0.215
43,00;0.359;0.175;0.134;0.215
43,00;0.351;0.179;0.217;0.207
43,00;0.344;0.182;0.311;0.196
43.1;0.337;0.186;0.183;0.188
43.1;0.33;0.189;0.222;0.18
43.2;0.324;0.192;0.178;0.175
43.2;0.318;0.195;0.266;0.168
43.2;0.312;0.198;0.25;0.157
43.3;0.306;0.201;0.226;0.149
43.3;0.301;0.204;0.19;0.142
43.4;0.297;0.206;0.228;0.132
43.4;0.292;0.209;0.186;0.125
43.4;0.288;0.211;0.206;0.117
43.5;0.284;0.213;0.244;0.109
43.5;0.28;0.215;0.265;0.0976
43.6;0.277;0.217;0.25;0.0872
43.6;0.274;0.219;0.229;0.0778
43.6;0.272;0.22;0.223;0.0689
43.7;0.269;0.222;0.19;0.0601
43.7;0.267;0.223;0.188;0.0533
43.8;0.266;0.224;0.246;0.0461
43.8;0.264;0.225;0.276;0.0337
43.8;0.263;0.225;0.214;0.023
43.9;0.263;0.226;0.178;0.0175
43.9;0.262;0.226;0.217;0.00923
44,00;0.262;0.226;0.257;0.000294
44,00;0.262;0.226;0.276;0.0111
44,00;0.263;0.226;0.243;0.0227
44.1;0.264;0.225;0.194;0.0306
44.1;0.265;0.225;0.211;0.0373
44.2;0.267;0.224;0.235;0.0476
44.2;0.268;0.222;0.19;0.0562
44.2;0.27;0.221;0.24;0.0622
44.3;0.273;0.22;0.249;0.0745
44.3;0.276;0.218;0.232;0.0842
44.4;0.278;0.217;0.216;0.0908
44.4;0.282;0.215;0.269;0.102
44.4;0.286;0.212;0.241;0.112
44.5;0.289;0.21;0.184;0.121
44.5;0.294;0.208;0.169;0.127
44.6;0.298;0.205;0.205;0.133
44.6;0.303;0.203;0.21;0.144
44.6;0.309;0.2;0.159;0.151
44.7;0.314;0.197;0.258;0.153
44.7;0.32;0.194;0.283;0.167
44.8;0.326;0.192;0.303;0.178
44.8;0.332;0.188;0.132;0.184
44.8;0.339;0.184;0.276;0.191
44.9;0.346;0.181;0.26;0.2
44.9;0.354;0.178;0.16;0.211
45,00;0.361;0.174;0.0783;0.211
45,00;0.369;0.171;0.12;0.215
45,00;0.377;0.168;0.216;0.222
45.1;0.385;0.164;0.23;0.231
45.1;0.394;0.161;0.219;0.24
45.2;0.403;0.157;0.105;0.246
45.2;0.413;0.154;0.0956;0.248
45.2;0.422;0.15;0.133;0.249
45.3;0.432;0.147;0.15;0.258
45.3;0.441;0.144;0.14;0.26
45.4;0.451;0.141;0.189;0.264
45.4;0.462;0.137;0.156;0.276
45.4;0.472;0.134;0.17;0.276
45.5;0.483;0.131;0.158;0.281
45.5;0.494;0.128;0.281;0.286
45.6;0.505;0.126;0.0885;0.282
45.6;0.516;0.124;0.292;0.292
45.6;0.528;0.12;0.182;0.304
45.7;0.54;0.118;0.332;0.306
45.7;0.552;0.116;0.183;0.303
45.8;0.564;0.113;0.122;0.3
45.8;0.576;0.112;0.172;0.305
45.8;0.588;0.11;0.166;0.312
45.9;0.6;0.108;0.183;0.314
45.9;0.613;0.107;0.126;0.313
46,00;0.625;0.106;0.0596;0.309
46,00;0.638;0.105;0.0843;0.314
46,00;0.65;0.104;0.168;0.316
46.1;0.663;0.104;0.156;0.319
46.1;0.676;0.103;0.289;0.313
46.2;0.688;0.103;0.0184;0.318
46.2;0.701;0.104;0.0601;0.322
46.2;0.714;0.103;0.213;0.312
46.3;0.726;0.103;0.377;0.31
46.3;0.738;0.104;0.142;0.306
46.4;0.751;0.104;0.101;0.306
46.4;0.763;0.105;0.14;0.306
46.4;0.775;0.107;0.161;0.305
46.5;0.787;0.108;0.145;0.305
46.5;0.799;0.11;0.177;0.298
46.6;0.811;0.111;0.198;0.291
46.6;0.822;0.113;0.14;0.29
46.6;0.833;0.116;0.0774;0.29
46.7;0.845;0.118;0.131;0.292
46.7;0.856;0.12;0.358;0.283
46.8;0.867;0.123;0.102;0.269
46.8;0.877;0.126;0.121;0.274
46.8;0.888;0.128;0.0473;0.279
46.9;0.899;0.131;0.304;0.269
46.9;0.909;0.133;0.214;0.262
47,00;0.919;0.136;0.184;0.258
47,00;0.929;0.14;0.18;0.25
47,00;0.938;0.142;0.173;0.244
47.1;0.947;0.146;0.167;0.24
47.1;0.956;0.149;0.0951;0.23
47.2;0.965;0.152;0.08;0.23
47.2;0.974;0.155;0.16;0.23
47.2;0.982;0.158;0.213;0.219
47.3;0.99;0.161;0.155;0.213
47.3;0.998;0.164;0.187;0.208
47.4;01.jan;0.167;0.17;0.2
47.4;01.jan;0.171;0.113;0.195
47.4;01.feb;0.173;0.132;0.191
47.5;01.mar;0.176;0.207;0.186
47.5;01.mar;0.18;0.269;0.176
47.6;01.apr;0.182;0.223;0.164
47.6;01.mai;0.185;0.235;0.158
47.6;01.mai;0.188;0.194;0.148
47.7;01.jun;0.191;0.153;0.141
47.7;01.jun;0.193;0.158;0.138
47.8;01.jul;0.196;0.184;0.133
47.8;01.jul;0.198;0.207;0.126
47.8;01.jul;0.2;0.295;0.116
47.9;01.aug;0.202;0.226;0.104
47.9;01.aug;0.204;0.184;0.0971
48,00;01.sep;0.206;0.217;0.0911
48,00;01.sep;0.207;0.273;0.0802
48,00;01.sep;0.208;0.309;0.0691
48.1;01.sep;0.21;0.276;0.0566
48.1;01.jan;0.211;0.204;0.0461
48.2;01.jan;0.211;0.196;0.0411
48.2;01.jan;0.212;0.242;0.0315
48.2;01.jan;0.213;0.25;0.0207
48.3;01.jan;0.213;0.206;0.0136
48.3;01.jan;0.214;0.197;0.00473
48.4;01.jan;0.214;0.211;0.00369
48.4;01.jan;0.214;0.247;0.0135
48.4;01.jan;0.214;0.243;0.0243
48.5;01.jan;0.213;0.21;0.0319
48.5;01.jan;0.213;0.204;0.0383
48.6;01.sep;0.212;0.263;0.0473
48.6;01.sep;0.211;0.268;0.0599
48.6;01.sep;0.21;0.185;0.0692
48.7;01.sep;0.208;0.162;0.0744
48.7;01.aug;0.207;0.198;0.0806
48.8;01.aug;0.205;0.223;0.0902
48.8;01.aug;0.203;0.228;0.0987
48.8;01.jul;0.202;0.209;0.108
48.9;01.jul;0.2;0.185;0.116
48.9;01.jul;0.198;0.119;0.121
49,00;01.jun;0.195;0.151;0.126
49,00;01.jun;0.193;0.11;0.128
49,00;01.mai;0.19;0.215;0.131
49.1;01.mai;0.188;0.23;0.144
49.1;01.apr;0.185;0.22;0.152
49.2;01.apr;0.182;0.25;0.157
49.2;01.mar;0.179;0.298;0.174
49.2;01.mar;0.176;0.158;0.181
49.3;01.feb;0.173;0.129;0.183
49.3;01.jan;0.17;0.139;0.19
49.4;1,00E+00;0.166;0.183;0.196
49.4;0.998;0.163;0.124;0.202
49.4;0.99;0.16;0.162;0.206
49.5;0.983;0.157;0.199;0.209
49.5;0.975;0.154;0.269;0.223
49.6;0.966;0.15;0.188;0.231
49.6;0.957;0.147;0.0934;0.236
49.6;0.948;0.144;0.124;0.236
49.7;0.94;0.141;0.155;0.241
49.7;0.93;0.138;0.191;0.246
49.8;0.921;0.135;0.138;0.252
49.8;0.911;0.132;0.132;0.256
49.8;0.901;0.13;0.332;0.254
49.9;0.891;0.127;0.214;0.262
49.9;0.88;0.126;0.179;0.27
50,00;0.87;0.123;0.19;0.275
50,00;0.859;0.12;0.211;0.281
50,00;0.848;0.118;0.158;0.287
50.1;0.837;0.116;0.0985;0.284
50.1;0.826;0.114;0.127;0.286
50.2;0.814;0.112;0.15;0.289
50.2;0.803;0.111;0.134;0.292
50.2;0.791;0.109;0.0961;0.297
50.3;0.779;0.108;0.122;0.297
50.3;0.767;0.107;0.124;0.294
50.4;0.756;0.106;0.128;0.294
50.4;0.744;0.105;0.153;0.296
50.4;0.732;0.105;0.173;0.3
50.5;0.72;0.104;0.338;0.305
50.5;0.708;0.104;0.126;0.309
50.6;0.695;0.105;0.266;0.299
50.6;0.684;0.105;0.153;0.284
50.6;0.672;0.105;0.209;0.289
50.7;0.661;0.105;0.0641;0.292
50.7;0.649;0.106;0.103;0.291
50.8;0.637;0.107;0.0984;0.289
50.8;0.626;0.107;0.14;0.288
50.8;0.614;0.108;0.0905;0.29
50.9;0.603;0.11;0.0906;0.29
50.9;0.591;0.111;0.0975;0.287
51,00;0.58;0.112;0.14;0.283
51,00;0.569;0.114;0.127;0.281
51,00;0.558;0.115;0.0869;0.277
51.1;0.547;0.117;0.124;0.277
51.1;0.536;0.119;0.36;0.28
51.2;0.525;0.121;0.164;0.277
51.2;0.514;0.125;0.264;0.267
51.2;0.504;0.126;0.122;0.259
51.3;0.494;0.128;0.334;0.258
51.3;0.484;0.13;0.238;0.249
51.4;0.475;0.133;0.168;0.238
51.4;0.466;0.135;0.103;0.238
51.4;0.456;0.138;0.155;0.236
51.5;0.447;0.141;0.137;0.228
51.5;0.439;0.144;0.119;0.226
51.6;0.43;0.147;0.111;0.222
51.6;0.422;0.149;0.158;0.216
51.6;0.414;0.152;0.103;0.212
51.7;0.406;0.155;0.164;0.208
51.7;0.398;0.158;0.178;0.201
51.8;0.391;0.161;0.226;0.192
51.8;0.384;0.164;0.193;0.185
51.8;0.377;0.166;0.193;0.177
51.9;0.371;0.169;0.142;0.171
51.9;0.365;0.172;0.103;0.165
52,00;0.359;0.174;0.142;0.163
52,00;0.353;0.177;0.217;0.157
52,00;0.348;0.18;0.271;0.145
52.1;0.343;0.182;0.203;0.135
52.1;0.338;0.185;0.244;0.129
52.2;0.333;0.187;0.264;0.119
52.2;0.33;0.189;0.239;0.107
52.2;0.326;0.191;0.207;0.101
52.3;0.323;0.193;0.212;0.0939
52.3;0.319;0.194;0.189;0.0842
52.4;0.316;0.196;0.183;0.0781
52.4;0.314;0.197;0.184;0.0717
52.4;0.311;0.198;0.225;0.0626
52.5;0.309;0.2;0.168;0.0543
52.5;0.308;0.201;0.17;0.0484
52.6;0.306;0.201;0.171;0.0421
52.6;0.305;0.202;0.204;0.0339
52.6;0.303;0.203;0.212;0.0265
52.7;0.303;0.203;0.24;0.017
52.7;0.302;0.203;0.215;0.00756
52.8;0.302;0.203;0.147;0.000893
52.8;0.302;0.203;0.188;0.0046
52.8;0.302;0.203;0.24;0.0142
52.9;0.303;0.202;0.267;0.0256
52.9;0.304;0.202;0.181;0.0344
53,00;0.305;0.201;0.174;0.0411
53,00;0.307;0.2;0.16;0.0469
53,00;0.309;0.199;0.182;0.0542
53.1;0.311;0.198;0.214;0.0607
53.1;0.313;0.197;0.199;0.0711
53.2;0.316;0.195;0.183;0.0779
53.2;0.319;0.194;0.225;0.084
53.2;0.322;0.192;0.303;0.0964
53.3;0.326;0.191;0.245;0.107
53.3;0.329;0.188;0.205;0.113
53.4;0.333;0.186;0.246;0.122
53.4;0.338;0.183;0.208;0.131
53.4;0.342;0.181;0.163;0.135
53.5;0.347;0.179;0.242;0.144
53.5;0.353;0.176;0.186;0.154
53.6;0.359;0.173;0.1;0.16
53.6;0.364;0.171;0.0954;0.159
53.6;0.37;0.168;0.209;0.165
53.7;0.377;0.166;0.19;0.176
53.7;0.383;0.163;0.186;0.181
53.8;0.39;0.16;0.208;0.189
53.8;0.397;0.158;0.234;0.199
53.8;0.405;0.155;0.159;0.204
53.9;0.413;0.152;0.11;0.211
53.9;0.421;0.149;0.0852;0.214
54,00;0.429;0.147;0.163;0.214
54,00;0.437;0.144;0.191;0.224
54,00;0.446;0.141;0.151;0.231
54.1;0.455;0.139;0.125;0.233
54.1;0.464;0.136;0.155;0.237
54.2;0.473;0.134;0.141;0.244
54.2;0.483;0.131;0.104;0.25
54.2;0.492;0.128;0.322;0.25
54.3;0.502;0.126;0.131;0.249
54.3;0.512;0.125;0.265;0.258
54.4;0.522;0.122;0.154;0.267
54.4;0.533;0.119;0.343;0.266
54.4;0.543;0.117;0.225;0.267
54.5;0.554;0.116;0.0741;0.265
54.5;0.564;0.114;0.0976;0.27
54.6;0.575;0.112;0.14;0.274
54.6;0.586;0.111;0.159;0.276
54.6;0.597;0.11;0.0799;0.281
54.7;0.608;0.109;0.0763;0.28
54.7;0.619;0.108;0.121;0.278
54.8;0.63;0.107;0.0846;0.275
54.8;0.641;0.106;0.0985;0.276
54.8;0.652;0.105;0.167;0.282
54.9;0.664;0.105;0.1;0.287
54.9;0.675;0.104;0.3;0.282
55,00;0.686;0.104;0.0076;0.275
55,00;0.697;0.105;0.204;0.283
55,00;0.709;0.104;0.0552;0.289
55.1;0.72;0.104;0.344;0.287
55.1;0.732;0.104;0.178;0.284
55.2;0.743;0.105;0.122;0.278
55.2;0.754;0.106;0.103;0.276
55.2;0.765;0.107;0.137;0.28
55.3;0.776;0.108;0.0823;0.278
55.3;0.787;0.109;0.12;0.277
55.4;0.798;0.11;0.158;0.273
55.4;0.809;0.112;0.156;0.267
55.4;0.819;0.113;0.1;0.263
55.5;0.83;0.115;0.0815;0.261
55.5;0.84;0.117;0.135;0.265
55.6;0.851;0.119;0.233;0.256
55.6;0.86;0.121;0.22;0.245
55.6;0.87;0.123;0.0583;0.251
55.7;0.88;0.126;0.149;0.251
55.7;0.889;0.127;0.139;0.244
55.8;0.899;0.129;0.255;0.24
55.8;0.908;0.132;0.174;0.235
55.8;0.917;0.134;0.15;0.228
55.9;0.926;0.137;0.11;0.223
55.9;0.934;0.139;0.158;0.22
56,00;0.942;0.141;0.2;0.213
56,00;0.95;0.144;0.192;0.205
56,00;0.958;0.147;0.166;0.2
56.1;0.966;0.149;0.175;0.193
56.1;0.973;0.152;0.158;0.186
56.2;0.979;0.154;0.174;0.183
56.2;0.986;0.157;0.237;0.174
56.2;0.992;0.16;0.225;0.162
56.3;0.998;0.162;0.124;0.157
56.3;1,00E+00;0.164;0.0729;0.153
56.4;01.jan;0.167;0.129;0.152
56.4;01.jan;0.169;0.215;0.145
56.4;01.feb;0.172;0.214;0.134
56.5;01.feb;0.174;0.119;0.129
56.5;01.mar;0.176;0.198;0.125
56.6;01.mar;0.179;0.264;0.114
56.6;01.apr;0.181;0.246;0.102
56.6;01.apr;0.182;0.112;0.0954
56.7;01.apr;0.184;0.175;0.0921
56.7;01.mai;0.186;0.256;0.0833
56.8;01.mai;0.187;0.254;0.0696
56.8;01.mai;0.189;0.14;0.0633
56.8;01.mai;0.19;0.145;0.059
56.9;01.jun;0.191;0.181;0.052
56.9;01.jun;0.192;0.232;0.0441
57,00;01.jun;0.193;0.202;0.0341
57,00;01.jun;0.193;0.168;0.0266
57,00;01.jun;0.194;0.16;0.0219
57.1;01.jun;0.194;0.195;0.0135
57.1;01.jun;0.194;0.174;0.00624
57.2;01.jun;0.194;0.182;0.000948
57.2;01.jun;0.194;0.165;0.00824
57.2;01.jun;0.194;0.188;0.0138
57.3;01.jun;0.194;0.189;0.0213
57.3;01.jun;0.193;0.229;0.03
57.4;01.jun;0.193;0.199;0.038
57.4;01.jun;0.192;0.26;0.0472
57.4;01.jun;0.191;0.225;0.0566
57.5;01.mai;0.19;0.181;0.0663
57.5;01.mai;0.188;0.143;0.0698
57.6;01.mai;0.187;0.217;0.0756
57.6;01.mai;0.186;0.232;0.0875
57.6;01.apr;0.184;0.173;0.0951
57.7;01.apr;0.182;0.177;0.0999
57.7;01.apr;0.181;0.228;0.109
57.8;01.mar;0.179;0.185;0.118
57.8;01.mar;0.176;0.14;0.124
57.8;01.feb;0.174;0.21;0.127
57.9;01.feb;0.172;0.179;0.136
57.9;01.jan;0.17;0.143;0.143
58,00;01.jan;0.168;0.0988;0.146
58,00;1,00E+00;0.165;0.164;0.152
58,00;0.996;0.163;0.229;0.159
58.1;0.99;0.16;0.215;0.169
58.1;0.983;0.158;0.176;0.177
58.2;0.976;0.155;0.156;0.181
58.2;0.969;0.153;0.197;0.188
58.2;0.962;0.15;0.125;0.195
58.3;0.955;0.147;0.0912;0.199
58.3;0.947;0.145;0.111;0.201
58.4;0.94;0.142;0.196;0.206
58.4;0.932;0.14;0.133;0.212
58.4;0.923;0.137;0.116;0.216
58.5;0.915;0.135;0.0979;0.218
58.5;0.906;0.133;0.151;0.223
58.6;0.898;0.13;0.233;0.229
58.6;0.889;0.128;0.145;0.236
58.6;0.879;0.127;0.126;0.24
58.7;0.87;0.124;0.102;0.24
58.7;0.861;0.122;0.222;0.236
58.8;0.852;0.12;0.259;0.247
58.8;0.841;0.118;0.128;0.259
58.8;0.831;0.116;0.0582;0.252
58.9;0.821;0.114;0.097;0.253
58.9;0.811;0.112;0.141;0.258
59,00;0.801;0.111;0.143;0.259
59,00;0.791;0.11;0.103;0.263
59,00;0.78;0.108;0.132;0.265
59.1;0.77;0.107;0.0867;0.27
59.1;0.759;0.106;0.0672;0.271
59.2;0.748;0.105;0.13;0.266
59.2;0.738;0.105;0.159;0.267
59.2;0.727;0.104;0.159;0.271
59.3;0.716;0.104;0.29;0.268
59.3;0.705;0.104;0.026;0.281
59.4;0.693;0.105;0.168;0.279
59.4;0.683;0.104;0.157;0.261
59.4;0.673;0.104;0.242;0.269
59.5;0.662;0.105;0.121;0.272
59.5;0.651;0.105;0.0728;0.269
59.6;0.64;0.106;0.0842;0.269
59.6;0.629;0.107;0.103;0.265
59.6;0.619;0.108;0.123;0.262
59.7;0.608;0.109;0.0754;0.261
59.7;0.598;0.11;0.0547;0.261
59.8;0.588;0.111;0.0555;0.26
59.8;0.577;0.112;0.131;0.258
59.8;0.567;0.114;0.156;0.257
59.9;0.557;0.115;0.148;0.249
59.9;0.548;0.117;0.107;0.245
60,00;0.538;0.119;0.273;0.249
60,00;0.528;0.121;0.129;0.241
60,00;0.519;0.124;0.219;0.239
60.1;0.51;0.126;0.179;0.235
60.1;0.501;0.127;0.201;0.226
60.2;0.492;0.129;0.209;0.227
60.2;0.483;0.132;0.166;0.22
60.2;0.475;0.134;0.139;0.213
60.3;0.467;0.136;0.0737;0.21
60.3;0.459;0.139;0.0877;0.208
60.4;0.451;0.141;0.154;0.204
60.4;0.443;0.143;0.206;0.196
60.4;0.436;0.145;0.174;0.187
60.5;0.429;0.148;0.108;0.182
60.5;0.422;0.15;0.141;0.18
60.6;0.415;0.152;0.154;0.172
60.6;0.409;0.155;0.122;0.167
60.6;0.403;0.157;0.106;0.164
60.7;0.397;0.159;0.151;0.158
60.7;0.391;0.162;0.211;0.152
60.8;0.385;0.164;0.218;0.143
60.8;0.38;0.166;0.24;0.133
60.8;0.376;0.168;0.153;0.125
60.9;0.371;0.17;0.183;0.12
60.9;0.367;0.172;0.13;0.113
61,00;0.363;0.173;0.162;0.107
61,00;0.359;0.175;0.131;0.102
61,00;0.355;0.177;0.187;0.0944
61.1;0.352;0.178;0.171;0.0883
61.1;0.349;0.179;0.206;0.0819
61.2;0.346;0.181;0.209;0.073
61.2;0.344;0.182;0.191;0.064
61.2;0.342;0.183;0.177;0.0585
61.3;0.34;0.184;0.208;0.0502
61.3;0.338;0.185;0.207;0.0413
61.4;0.337;0.186;0.163;0.0339
61.4;0.335;0.186;0.208;0.028
61.4;0.335;0.187;0.22;0.0183
61.5;0.334;0.187;0.164;0.0088
61.5;0.334;0.187;0.105;0.00657
61.6;0.334;0.187;0.197;0.00228
61.6;0.334;0.187;0.28;0.00962
61.6;0.334;0.187;0.247;0.0217
61.7;0.335;0.186;0.196;0.0297
61.7;0.336;0.185;0.151;0.0366
61.8;0.338;0.185;0.16;0.0425
61.8;0.339;0.184;0.165;0.0484
61.8;0.341;0.183;0.192;0.0554
61.9;0.344;0.182;0.201;0.0629
61.9;0.346;0.181;0.213;0.072
62,00;0.349;0.18;0.197;0.0796
62,00;0.352;0.178;0.182;0.0875
62,00;0.355;0.177;0.14;0.0944
62.1;0.359;0.175;0.156;0.0984
62.1;0.362;0.174;0.141;0.106
62.2;0.366;0.172;0.133;0.111
62.2;0.371;0.17;0.175;0.115
62.2;0.375;0.168;0.256;0.125
62.3;0.38;0.166;0.174;0.136
62.3;0.385;0.164;0.131;0.14
62.4;0.39;0.162;0.161;0.144
62.4;0.396;0.16;0.195;0.153
62.4;0.402;0.158;0.151;0.158
62.5;0.408;0.156;0.165;0.164
62.5;0.414;0.153;0.109;0.172
62.6;0.421;0.151;0.0885;0.174
62.6;0.427;0.149;0.157;0.176
62.6;0.434;0.147;0.195;0.187
62.7;0.441;0.144;0.165;0.192
62.7;0.449;0.142;0.156;0.198
62.8;0.456;0.14;0.167;0.205
62.8;0.464;0.137;0.0676;0.21
62.8;0.473;0.135;0.0636;0.211
62.9;0.481;0.133;0.12;0.213
62.9;0.489;0.131;0.105;0.221
63,00;0.498;0.128;0.284;0.219
63,00;0.506;0.127;0.155;0.224
63,00;0.515;0.125;0.281;0.235
63.1;0.524;0.122;0.0614;0.239
63.1;0.534;0.12;0.281;0.24
63.2;0.543;0.119;0.118;0.24
63.2;0.553;0.117;0.104;0.241
63.2;0.562;0.115;0.128;0.243
63.3;0.572;0.114;0.136;0.25
63.3;0.582;0.113;0.0807;0.255
63.4;0.592;0.111;0.0842;0.253
63.4;0.602;0.11;0.0847;0.254
63.4;0.612;0.109;0.124;0.255
63.5;0.622;0.108;0.125;0.255
63.5;0.633;0.107;0.0757;0.259
63.6;0.643;0.106;0.0473;0.261
63.6;0.653;0.106;0.0909;0.26
63.6;0.664;0.105;0.09;0.262
63.7;0.674;0.105;0.224;0.257
63.7;0.684;0.105;0.168;0.25
63.8;0.694;0.105;0.147;0.267
63.8;0.706;0.105;0.0363;0.268
63.8;0.716;0.105;0.24;0.256
63.9;0.726;0.105;0.162;0.259
63.9;0.736;0.106;0.0941;0.257
64,00;0.747;0.106;0.0493;0.255
64,00;0.757;0.107;0.0802;0.255
64,00;0.767;0.108;0.129;0.255
64.1;0.777;0.109;0.133;0.252
64.1;0.787;0.11;0.0973;0.249
64.2;0.797;0.111;0.136;0.245
64.2;0.807;0.112;0.149;0.242
64.2;0.816;0.114;0.116;0.238
64.3;0.825;0.116;0.0619;0.234
64.3;0.835;0.117;0.0421;0.234
64.4;0.844;0.119;0.129;0.235
64.4;0.853;0.121;0.156;0.226
64.4;0.862;0.123;0.207;0.221
64.5;0.87;0.125;0.0216;0.219
64.5;0.878;0.127;0.127;0.219
64.6;0.887;0.129;0.0818;0.217
64.6;0.895;0.13;0.226;0.21
64.6;0.904;0.133;0.209;0.208
64.7;0.911;0.135;0.157;0.198
64.7;0.919;0.137;0.117;0.193
64.8;0.926;0.139;0.118;0.191
64.8;0.933;0.141;0.155;0.184
64.8;0.94;0.143;0.0982;0.181
64.9;0.947;0.146;0.138;0.177
64.9;0.954;0.148;0.119;0.17
65,00;0.96;0.15;0.0874;0.167
65,00;0.966;0.152;0.14;0.165
65,00;0.973;0.155;0.26;0.156
65.1;0.978;0.157;0.197;0.144
65.1;0.983;0.159;0.142;0.14
65.2;0.989;0.161;0.153;0.136
65.2;0.993;0.163;0.169;0.126
65.2;0.998;0.165;0.189;0.122
65.3;1,00E+00;0.166;0.146;0.113
65.3;01.jan;0.168;0.16;0.108
65.4;01.jan;0.17;0.134;0.104
65.4;01.jan;0.171;0.194;0.0947
65.4;01.feb;0.173;0.166;0.0893
65.5;01.feb;0.174;0.214;0.0814
65.5;01.feb;0.175;0.214;0.0721
65.6;01.mar;0.176;0.174;0.064
65.6;01.mar;0.177;0.111;0.0585
65.6;01.mar;0.178;0.157;0.0557
65.7;01.mar;0.179;0.203;0.0472
65.7;01.mar;0.18;0.228;0.0376
65.8;01.mar;0.18;0.215;0.0304
65.8;01.apr;0.181;0.189;0.0198
65.8;01.apr;0.181;0.14;0.0147
65.9;01.apr;0.181;0.143;0.0106
65.9;01.apr;0.181;0.19;0.00326
66,00;01.apr;0.181;0.187;0.00514
66,00;01.apr;0.181;0.23;0.0126
66,00;01.apr;0.181;0.206;0.0227
66.1;01.mar;0.181;0.17;0.03
66.1;01.mar;0.18;0.171;0.0351
66.2;01.mar;0.179;0.181;0.0441
66.2;01.mar;0.179;0.143;0.0502
66.2;01.mar;0.178;0.168;0.0546
66.3;01.mar;0.177;0.221;0.0634
66.3;01.feb;0.176;0.167;0.0728
66.4;01.feb;0.175;0.136;0.0768
66.4;01.feb;0.173;0.178;0.0823
66.4;01.feb;0.172;0.191;0.092
66.5;01.jan;0.17;0.169;0.0977
66.5;01.jan;0.169;0.133;0.104
66.6;1,00E+00;0.167;0.141;0.109
66.6;1,00E+00;0.165;0.145;0.114
66.6;0.996;0.164;0.204;0.122
66.7;0.991;0.162;0.189;0.13
66.7;0.986;0.16;0.136;0.137
66.8;0.981;0.158;0.106;0.14
66.8;0.976;0.156;0.151;0.143
66.8;0.97;0.154;0.236;0.152
66.9;0.964;0.152;0.145;0.163
66.9;0.958;0.149;0.104;0.165
67,00;0.952;0.147;0.141;0.169
67,00;0.945;0.145;0.182;0.177
67,00;0.938;0.143;0.102;0.181
67.1;0.931;0.14;0.0607;0.185
67.1;0.924;0.138;0.138;0.185
67.2;0.917;0.136;0.188;0.191
67.2;0.909;0.134;0.182;0.201
67.2;0.902;0.132;0.127;0.205
67.3;0.894;0.13;0.206;0.203
67.3;0.886;0.128;0.1;0.213
67.4;0.877;0.126;0.112;0.216
67.4;0.869;0.124;0.0411;0.209
67.4;0.861;0.122;0.282;0.218
67.5;0.852;0.12;0.138;0.229
67.5;0.843;0.119;0.0905;0.23
67.6;0.834;0.117;0.041;0.224
67.6;0.825;0.115;0.107;0.23
67.6;0.816;0.114;0.0977;0.234
67.7;0.807;0.112;0.131;0.233
67.7;0.797;0.111;0.134;0.238
67.8;0.788;0.11;0.0774;0.242
67.8;0.778;0.109;0.0611;0.243
67.8;0.769;0.108;0.0695;0.245
67.9;0.759;0.107;0.112;0.246
67.9;0.749;0.106;0.0925;0.245
68,00;0.739;0.105;0.0745;0.246
68,00;0.729;0.105;0.125;0.247
68,00;0.719;0.104;0.343;0.248
68.1;0.709;0.104;0.0506;0.252
68.1;0.699;0.105;0.181;0.253
68.2;0.689;0.104;0.123;0.243
68.2;0.68;0.105;0.25;0.243
68.2;0.67;0.105;0.147;0.249
68.3;0.66;0.105;0.0775;0.246
68.3;0.65;0.106;0.0604;0.247
68.4;0.64;0.106;0.0945;0.246
68.4;0.63;0.107;0.0989;0.241
68.4;0.621;0.108;0.0206;0.238
68.5;0.612;0.109;0.0719;0.24
68.5;0.602;0.11;0.0906;0.24
68.6;0.592;0.111;0.111;0.235
68.6;0.583;0.112;0.103;0.232
68.6;0.574;0.113;0.104;0.23
68.7;0.565;0.115;0.132;0.229
68.7;0.556;0.116;0.0985;0.223
68.8;0.547;0.118;0.0731;0.219
68.8;0.539;0.119;0.181;0.222
68.8;0.53;0.121;0.249;0.214
68.9;0.522;0.123;0.181;0.21
68.9;0.514;0.126;0.219;0.206
69,00;0.506;0.127;0.102;0.198
69,00;0.498;0.128;0.229;0.199
69,00;0.49;0.13;0.142;0.198
69.1;0.483;0.132;0.188;0.188
69.1;0.476;0.134;0.135;0.181
69.2;0.469;0.136;0.0787;0.181
69.2;0.462;0.138;0.133;0.177
69.2;0.455;0.14;0.127;0.17
69.3;0.449;0.142;0.151;0.166
69.3;0.443;0.144;0.172;0.16
69.4;0.437;0.146;0.141;0.151
69.4;0.431;0.148;0.148;0.149
69.4;0.426;0.15;0.121;0.142
69.5;0.42;0.151;0.161;0.136
69.5;0.415;0.153;0.126;0.132
69.6;0.411;0.155;0.161;0.125
69.6;0.406;0.157;0.104;0.121
69.6;0.401;0.158;0.145;0.116
69.7;0.397;0.16;0.2;0.11
69.7;0.393;0.161;0.214;0.0995
69.8;0.39;0.163;0.146;0.0924
69.8;0.386;0.164;0.18;0.0886
69.8;0.383;0.165;0.217;0.0786
69.9;0.38;0.166;0.199;0.0698
69.9;0.378;0.167;0.129;0.0645
70,00;0.376;0.168;0.134;0.0591
70,00;0.374;0.169;0.165;0.0554
70,00;0.372;0.17;0.233;0.0464
70.1;0.37;0.171;0.196;0.0358
70.1;0.369;0.171;0.112;0.031
70.2;0.368;0.172;0.178;0.0278
70.2;0.367;0.172;0.212;0.0174
70.2;0.367;0.172;0.134;0.00978
70.3;0.366;0.172;0.0933;0.00888
70.3;0.366;0.172;0.234;0.00298
70.4;0.366;0.172;0.191;0.00991
70.4;0.367;0.172;0.178;0.0149
70.4;0.367;0.172;0.144;0.0205
70.5;0.368;0.171;0.195;0.0287
70.5;0.369;0.171;0.19;0.0343
70.6;0.37;0.17;0.189;0.0438
70.6;0.372;0.169;0.12;0.0501
70.6;0.374;0.168;0.162;0.0528
70.7;0.376;0.167;0.227;0.0608
70.7;0.379;0.166;0.196;0.0717
70.8;0.381;0.165;0.153;0.0766
70.8;0.384;0.164;0.149;0.0825
70.8;0.388;0.163;0.166;0.0897
70.9;0.391;0.161;0.2;0.0942
70.9;0.395;0.16;0.189;0.105
71,00;0.399;0.158;0.119;0.111
71,00;0.403;0.157;0.0921;0.113
71,00;0.407;0.155;0.154;0.119
71.1;0.412;0.154;0.203;0.125
71.1;0.417;0.152;0.122;0.134
71.2;0.422;0.15;0.102;0.136
71.2;0.427;0.149;0.129;0.139
71.2;0.433;0.147;0.157;0.149
71.3;0.438;0.145;0.115;0.151
71.3;0.444;0.143;0.165;0.156
71.4;0.45;0.141;0.18;0.166
71.4;0.457;0.139;0.174;0.17
71.4;0.463;0.137;0.129;0.176
71.5;0.47;0.135;0.059;0.182
71.5;0.477;0.133;0.0863;0.181
71.6;0.484;0.131;0.152;0.184
71.6;0.492;0.129;0.0821;0.193
71.6;0.499;0.127;0.21;0.191
71.7;0.506;0.126;0.158;0.192
71.7;0.514;0.125;0.302;0.205
71.8;0.522;0.122;0.124;0.21
71.8;0.53;0.12;0.257;0.21
71.8;0.539;0.119;0.169;0.217
71.9;0.547;0.117;0.085;0.216
71.9;0.556;0.116;0.0767;0.215
72,00;0.564;0.114;0.123;0.219
72,00;0.573;0.113;0.105;0.223
72,00;0.582;0.112;0.119;0.228
72.1;0.591;0.111;0.0792;0.231
72.1;0.6;0.11;0.0515;0.233
72.2;0.61;0.109;0.00391;0.232
72.2;0.619;0.108;0.111;0.232
72.2;0.628;0.107;0.0735;0.232
72.3;0.637;0.106;0.0757;0.235
72.3;0.647;0.105;0.041;0.235
72.4;0.656;0.105;0.0833;0.236
72.4;0.666;0.104;0.0516;0.241
72.4;0.675;0.104;0.24;0.236
72.5;0.685;0.104;0.161;0.227
72.5;0.694;0.104;0.14;0.243
72.6;0.704;0.104;0.0496;0.246
72.6;0.713;0.104;0.204;0.234
72.6;0.723;0.104;0.189;0.237
72.7;0.732;0.104;0.125;0.231
72.7;0.741;0.105;0.0866;0.229
72.8;0.751;0.106;0.0831;0.229
72.8;0.76;0.106;0.0994;0.229
72.8;0.769;0.107;0.0815;0.23
72.9;0.778;0.108;0.0902;0.229
72.9;0.787;0.11;0.112;0.227
73,00;0.796;0.111;0.103;0.222
73,00;0.805;0.112;0.104;0.218
73,00;0.813;0.113;0.104;0.215
73.1;0.822;0.115;0.111;0.211
73.1;0.83;0.116;0.0737;0.209
73.2;0.838;0.118;0.0472;0.206
73.2;0.846;0.119;0.113;0.205
73.2;0.854;0.121;0.137;0.2
73.3;0.862;0.123;0.241;0.193
73.3;0.869;0.124;0.106;0.184
73.4;0.876;0.126;0.0686;0.19
73.4;0.884;0.128;0.159;0.192
73.4;0.891;0.129;0.206;0.178
73.5;0.898;0.131;0.186;0.177
73.5;0.905;0.133;0.144;0.176
73.6;0.911;0.135;0.14;0.167
73.6;0.918;0.137;0.108;0.163
73.6;0.924;0.139;0.0816;0.161
73.7;0.93;0.14;0.177;0.154
73.7;0.936;0.142;0.172;0.148
73.8;0.941;0.144;0.146;0.14
73.8;0.946;0.146;0.102;0.137
73.8;0.952;0.147;0.136;0.134
73.9;0.957;0.149;0.118;0.126
73.9;0.961;0.151;0.11;0.123
74,00;0.966;0.152;0.172;0.12
74,00;0.97;0.154;0.161;0.108
74,00;0.974;0.155;0.111;0.106
74.1;0.978;0.157;0.142;0.104
74.1;0.982;0.158;0.254;0.0932
74.2;0.985;0.16;0.159;0.0835
74.2;0.988;0.161;0.147;0.0796
74.2;0.991;0.162;0.159;0.074
74.3;0.993;0.163;0.161;0.0655
74.3;0.996;0.164;0.148;0.0619
74.4;0.998;0.165;0.171;0.0547
74.4;1,00E+00;0.166;0.196;0.0473
74.4;1,00E+00;0.166;0.169;0.04
74.5;1,00E+00;0.167;0.157;0.0331
74.5;1,00E+00;0.168;0.124;0.0283
74.6;1,00E+00;0.168;0.161;0.0237
74.6;01.jan;0.168;0.21;0.0162
74.6;01.jan;0.168;0.208;0.00623
74.7;01.jan;0.168;0.124;0.00369
74.7;01.jan;0.168;0.0986;0.00419
74.8;01.jan;0.168;0.143;0.00745
74.8;01.jan;0.168;0.207;0.0147
74.8;1,00E+00;0.167;0.188;0.024
74.9;1,00E+00;0.167;0.153;0.0304
74.9;1,00E+00;0.166;0.118;0.0348
75,00;1,00E+00;0.166;0.14;0.0402
75,00;1,00E+00;0.165;0.184;0.0457
75,00;0.998;0.164;0.197;0.0545
75.1;0.996;0.163;0.156;0.062
75.1;0.993;0.162;0.153;0.0663
75.2;0.991;0.161;0.144;0.0739
75.2;0.988;0.16;0.149;0.0789
75.2;0.985;0.158;0.138;0.0837
75.3;0.982;0.157;0.168;0.091
75.3;0.978;0.156;0.19;0.0965
75.4;0.975;0.154;0.162;0.106
75.4;0.97;0.153;0.113;0.111
75.4;0.966;0.151;0.0868;0.113
75.5;0.962;0.149;0.169;0.118
75.5;0.957;0.148;0.16;0.126
75.6;0.953;0.146;0.116;0.132
75.6;0.948;0.144;0.118;0.134
75.6;0.942;0.142;0.157;0.139
75.7;0.937;0.141;0.131;0.147
75.7;0.931;0.139;0.087;0.15
75.8;0.926;0.137;0.117;0.153
75.8;0.92;0.135;0.128;0.159
75.8;0.913;0.134;0.157;0.163
75.9;0.907;0.132;0.12;0.171
75.9;0.9;0.13;0.19;0.174
76,00;0.894;0.128;0.219;0.171
76,00;0.887;0.127;0.198;0.179
76,00;0.879;0.126;0.161;0.189
76.1;0.872;0.124;0.0277;0.187
76.1;0.865;0.122;0.128;0.186
76.2;0.858;0.121;0.238;0.196
76.2;0.85;0.119;0.149;0.205
76.2;0.841;0.118;0.0719;0.205
76.3;0.833;0.116;0.0347;0.206
76.3;0.825;0.115;0.00952;0.208
76.4;0.817;0.114;0.0703;0.206
76.4;0.809;0.112;0.143;0.21
76.4;0.8;0.111;0.149;0.216
76.5;0.792;0.11;0.0881;0.221
76.5;0.783;0.109;0.109;0.219
76.6;0.774;0.108;0.0772;0.221
76.6;0.765;0.108;0.0601;0.225
76.6;0.756;0.107;0.0538;0.221
76.7;0.748;0.106;0.0662;0.22
76.7;0.739;0.106;0.105;0.224
76.8;0.73;0.105;0.165;0.225
76.8;0.721;0.105;0.219;0.231
76.8;0.711;0.105;0.106;0.229
76.9;0.702;0.106;0.189;0.229
76.9;0.693;0.106;0.277;0.224
77,00;0.685;0.105;0.129;0.208
77,00;0.676;0.105;0.225;0.214
77,00;0.667;0.106;0.113;0.225
77.1;0.658;0.106;0.0975;0.22
77.1;0.65;0.106;0.0338;0.217
77.2;0.641;0.107;0.0145;0.22
77.2;0.632;0.107;0.108;0.216
77.2;0.624;0.108;0.106;0.211
77.3;0.615;0.109;0.0946;0.213
77.3;0.607;0.109;0.0141;0.214
77.4;0.598;0.11;0.0697;0.211
77.4;0.59;0.111;0.112;0.209
77.4;0.582;0.112;0.149;0.205
77.5;0.574;0.113;0.0829;0.2
77.5;0.566;0.114;0.047;0.199
77.6;0.558;0.116;0.0751;0.198
77.6;0.55;0.117;0.0728;0.193
77.6;0.543;0.118;0.0592;0.192
77.7;0.535;0.119;0.218;0.194
77.7;0.528;0.121;0.237;0.183
77.8;0.521;0.123;0.152;0.179
77.8;0.514;0.125;0.246;0.178
77.8;0.507;0.125;0.143;0.168
77.9;0.5;0.127;0.166;0.167
77.9;0.494;0.128;0.0981;0.166
78,00;0.488;0.13;0.22;0.161
78,00;0.481;0.131;0.204;0.15
78,00;0.476;0.133;0.0813;0.143
78.1;0.47;0.134;0.0268;0.146
78.1;0.465;0.136;0.0955;0.142
78.2;0.459;0.138;0.165;0.138
78.2;0.454;0.139;0.177;0.131
78.2;0.449;0.141;0.165;0.122
78.3;0.445;0.142;0.0986;0.119
78.3;0.44;0.144;0.152;0.115
78.4;0.436;0.145;0.196;0.107
78.4;0.432;0.147;0.15;0.0987
78.4;0.429;0.148;0.126;0.095
78.5;0.425;0.149;0.102;0.0895
78.5;0.422;0.15;0.141;0.0856
78.6;0.419;0.151;0.109;0.0801
78.6;0.416;0.152;0.128;0.075
78.6;0.413;0.153;0.114;0.072
78.7;0.411;0.155;0.159;0.0655
78.7;0.408;0.156;0.207;0.0596
78.8;0.406;0.156;0.141;0.0495
78.8;0.405;0.157;0.127;0.0463
78.8;0.403;0.158;0.121;0.0425
78.9;0.401;0.158;0.195;0.0342
78.9;0.4;0.159;0.202;0.0286
79,00;0.399;0.159;0.208;0.0177
79,00;0.399;0.159;0.189;0.0114
79,00;0.399;0.16;0.177;0.0044
79.1;0.399;0.16;0.142;0.00464
79.1;0.399;0.159;0.131;0.00643
79.2;0.399;0.159;0.141;0.0129
79.2;0.4;0.159;0.151;0.0192
79.2;0.401;0.159;0.132;0.023
79.3;0.401;0.158;0.193;0.0304
79.3;0.403;0.158;0.173;0.038
79.4;0.404;0.157;0.183;0.0438
79.4;0.406;0.157;0.18;0.0518
79.4;0.408;0.156;0.155;0.0594
79.5;0.41;0.155;0.0915;0.063
79.5;0.413;0.154;0.148;0.0667
79.6;0.415;0.153;0.14;0.0736
79.6;0.418;0.152;0.144;0.079
79.6;0.421;0.15;0.121;0.0837
79.7;0.424;0.149;0.157;0.0896
79.7;0.428;0.148;0.139;0.0931
79.8;0.431;0.147;0.134;0.0997
79.8;0.435;0.145;0.163;0.105
79.8;0.439;0.144;0.149;0.111
79.9;0.444;0.142;0.132;0.118
79.9;0.448;0.141;0.0977;0.121
80,00;0.453;0.14;0.175;0.126
80,00;0.458;0.138;0.135;0.134
80,00;0.463;0.136;0.0999;0.138
80.1;0.468;0.135;0.083;0.14
80.1;0.474;0.133;0.138;0.145
80.2;0.48;0.131;0.0938;0.15
80.2;0.486;0.13;0.15;0.153
80.2;0.491;0.128;0.0872;0.16
80.3;0.498;0.126;0.117;0.163
80.3;0.504;0.125;0.159;0.156
80.4;0.51;0.124;0.233;0.166
80.4;0.517;0.122;0.23;0.176
80.4;0.524;0.12;0.0821;0.174
80.5;0.53;0.119;0.245;0.18
80.5;0.538;0.117;0.15;0.189
80.6;0.545;0.116;0.0657;0.186
80.6;0.552;0.114;0.0704;0.188
80.6;0.56;0.113;0.0917;0.189
80.7;0.567;0.112;0.109;0.192
80.7;0.575;0.111;0.139;0.199
80.8;0.583;0.11;0.0899;0.202
80.8;0.591;0.109;0.0737;0.205
80.8;0.599;0.108;0.0553;0.204
80.9;0.608;0.107;0.0183;0.204
80.9;0.616;0.106;0.0666;0.204
81,00;0.624;0.106;0.0502;0.203
81,00;0.632;0.105;0.0676;0.206
81,00;0.64;0.104;0.101;0.209
81.1;0.649;0.104;0.0733;0.211
81.1;0.657;0.104;0.0426;0.212
81.2;0.665;0.103;0.055;0.213
81.2;0.674;0.103;0.154;0.21
81.2;0.682;0.103;0.238;0.204
81.3;0.69;0.103;0.15;0.207
81.3;0.699;0.104;0.21;0.216
81.4;0.708;0.103;0.0713;0.215
81.4;0.716;0.103;0.268;0.213
81.4;0.725;0.103;0.162;0.215
81.5;0.733;0.104;0.159;0.205
81.5;0.741;0.104;0.0419;0.201
81.6;0.749;0.104;0.0618;0.203
81.6;0.757;0.105;0.0665;0.203
81.6;0.765;0.106;0.0603;0.203
81.7;0.774;0.106;0.0693;0.204
81.7;0.782;0.107;0.0502;0.202
81.8;0.79;0.108;0.0695;0.2
81.8;0.798;0.109;0.135;0.199
81.8;0.805;0.11;0.124;0.192
81.9;0.813;0.111;0.0824;0.189
81.9;0.82;0.112;0.0551;0.188
82,00;0.828;0.113;0.0642;0.184
82,00;0.835;0.115;0.0215;0.184
82,00;0.842;0.116;0.0453;0.183
82.1;0.849;0.117;0.142;0.181
82.1;0.856;0.118;0.166;0.173
82.2;0.863;0.12;0.213;0.166
82.2;0.869;0.121;0.129;0.158
82.2;0.875;0.122;0.0275;0.16
82.3;0.882;0.124;0.127;0.165
82.3;0.888;0.125;0.215;0.155
82.4;0.894;0.126;0.209;0.148
82.4;0.9;0.127;0.161;0.141
82.4;0.905;0.129;0.166;0.139
82.5;0.91;0.13;0.15;0.133
82.5;0.915;0.132;0.163;0.125
82.6;0.92;0.133;0.0892;0.121
82.6;0.925;0.135;0.0827;0.118
82.6;0.929;0.136;0.141;0.117
82.7;0.933;0.138;0.158;0.108
82.7;0.937;0.139;0.109;0.102
82.8;0.941;0.14;0.0791;0.101
82.8;0.945;0.141;0.137;0.0952
82.8;0.948;0.142;0.162;0.0897
82.9;0.952;0.144;0.124;0.0835
82.9;0.955;0.145;0.144;0.0789
83,00;0.958;0.146;0.128;0.0738
83,00;0.96;0.147;0.143;0.0676
83,00;0.963;0.148;0.125;0.0633
83.1;0.965;0.149;0.0963;0.0573
83.1;0.967;0.149;0.151;0.0553
83.2;0.969;0.15;0.208;0.0471
83.2;0.97;0.151;0.2;0.0365
83.2;0.972;0.151;0.0938;0.0323
83.3;0.973;0.152;0.0803;0.0288
83.3;0.974;0.152;0.168;0.0262
83.4;0.975;0.153;0.22;0.0163
83.4;0.975;0.153;0.197;0.00673
83.4;0.975;0.153;0.113;0.00194
83.5;0.975;0.153;0.0796;0.00297
83.5;0.975;0.153;0.134;0.00431
83.6;0.975;0.153;0.155;0.0123
83.6;0.974;0.153;0.153;0.0191
83.6;0.973;0.152;0.0929;0.022
83.7;0.972;0.152;0.181;0.0272
83.7;0.971;0.151;0.195;0.0353
83.8;0.97;0.151;0.198;0.0436
83.8;0.968;0.15;0.126;0.0501
83.8;0.966;0.149;0.103;0.0548
83.9;0.964;0.149;0.142;0.0569
83.9;0.962;0.148;0.163;0.065
84,00;0.959;0.147;0.155;0.0713
84,00;0.956;0.146;0.0949;0.0758
84,00;0.953;0.145;0.105;0.0799
84.1;0.95;0.144;0.104;0.083
84.1;0.947;0.142;0.125;0.0887
84.2;0.944;0.141;0.112;0.0927
84.2;0.94;0.14;0.124;0.0968
84.2;0.936;0.139;0.143;0.103
84.3;0.932;0.137;0.112;0.108
84.3;0.928;0.136;0.101;0.112
84.4;0.924;0.135;0.137;0.116
84.4;0.919;0.133;0.163;0.123
84.4;0.914;0.132;0.104;0.129
84.5;0.909;0.131;0.112;0.13
84.5;0.904;0.129;0.138;0.136
84.6;0.899;0.128;0.12;0.143
84.6;0.893;0.126;0.165;0.143
84.6;0.888;0.125;0.17;0.145
84.7;0.882;0.124;0.173;0.156
84.7;0.876;0.122;0.137;0.156
84.8;0.87;0.121;0.0822;0.152
84.8;0.864;0.119;0.208;0.155
84.8;0.858;0.118;0.191;0.161
84.9;0.851;0.117;0.164;0.17
84.9;0.844;0.115;0.0852;0.173
85,00;0.838;0.114;0.0671;0.175
85,00;0.831;0.113;0.0843;0.177
85,00;0.824;0.112;0.0711;0.181
85.1;0.816;0.111;0.0252;0.184
85.1;0.809;0.11;0.0763;0.182
85.2;0.802;0.109;0.129;0.188
85.2;0.794;0.108;0.125;0.194
85.2;0.787;0.107;0.0593;0.193
85.3;0.779;0.106;0.0777;0.195
85.3;0.771;0.105;0.044;0.2
85.4;0.763;0.105;0.0652;0.198
85.4;0.755;0.104;0.0602;0.197
85.4;0.747;0.103;0.0772;0.198
85.5;0.739;0.103;0.0831;0.194
85.5;0.732;0.103;0.101;0.198
85.6;0.724;0.102;0.139;0.202
85.6;0.716;0.102;0.291;0.2
85.6;0.708;0.103;0.0321;0.205
85.7;0.699;0.104;0.274;0.204
85.7;0.691;0.103;0.216;0.196
85.8;0.684;0.103;0.184;0.193
85.8;0.676;0.103;0.179;0.199
85.8;0.668;0.103;0.0511;0.204
85.9;0.66;0.104;0.0719;0.198
85.9;0.652;0.104;0.0508;0.199
86,00;0.644;0.105;0.0929;0.199
86,00;0.636;0.105;0.131;0.193
86,00;0.628;0.106;0.0806;0.189
86.1;0.621;0.107;0.0588;0.187
86.1;0.613;0.107;0.0762;0.187
86.2;0.606;0.108;0.0228;0.186
86.2;0.599;0.109;0.0441;0.186
86.2;0.591;0.11;0.0967;0.184
86.3;0.584;0.111;0.148;0.179
86.3;0.577;0.112;0.108;0.174
86.4;0.57;0.113;0.0785;0.17
86.4;0.564;0.114;0.0748;0.169
86.4;0.557;0.115;0.0788;0.165
86.5;0.551;0.116;0.0623;0.162
86.5;0.544;0.118;0.0312;0.162
86.6;0.538;0.119;0.0901;0.16
86.6;0.532;0.12;0.185;0.156
86.6;0.526;0.121;0.129;0.148
86.7;0.52;0.123;0.131;0.149
86.7;0.514;0.124;0.279;0.146
86.8;0.509;0.125;0.172;0.135
86.8;0.503;0.126;0.172;0.131
86.8;0.498;0.127;0.107;0.132
86.9;0.493;0.128;0.149;0.127
86.9;0.488;0.129;0.149;0.12
87,00;0.484;0.13;0.0882;0.115
87,00;0.479;0.132;0.058;0.113
87,00;0.475;0.133;0.0835;0.111
87.1;0.471;0.134;0.117;0.107
87.1;0.467;0.135;0.129;0.102
87.2;0.463;0.136;0.113;0.0965
87.2;0.459;0.137;0.128;0.0925
87.2;0.456;0.138;0.151;0.0872
87.3;0.453;0.139;0.224;0.0801
87.3;0.45;0.14;0.213;0.0711
87.4;0.447;0.14;0.152;0.0623
87.4;0.445;0.141;0.0737;0.059
87.4;0.443;0.142;0.137;0.0572
87.5;0.441;0.142;0.143;0.0487
87.5;0.439;0.143;0.104;0.0438
87.6;0.437;0.144;0.0957;0.0427
87.6;0.436;0.144;0.145;0.036
87.6;0.435;0.145;0.152;0.031
87.7;0.434;0.145;0.165;0.0248
87.7;0.433;0.146;0.17;0.0172
87.8;0.432;0.146;0.156;0.012
87.8;0.432;0.146;0.152;0.00852
87.8;0.432;0.146;0.124;0.00494
87.9;0.432;0.146;0.0891;0.00498
87.9;0.432;0.147;0.121;0.00593
88,00;0.433;0.146;0.182;0.0137
88,00;0.434;0.146;0.185;0.0217
88,00;0.434;0.146;0.131;0.0273
88.1;0.436;0.146;0.083;0.0324
88.1;0.437;0.145;0.103;0.0333
88.2;0.438;0.145;0.127;0.039
88.2;0.44;0.144;0.181;0.0452
88.2;0.442;0.144;0.15;0.0514
88.3;0.444;0.143;0.139;0.0586
88.3;0.446;0.143;0.0831;0.0615
88.4;0.449;0.142;0.152;0.0655
88.4;0.451;0.141;0.194;0.073
88.4;0.454;0.14;0.132;0.0811
88.5;0.457;0.14;0.107;0.0833
88.5;0.461;0.139;0.125;0.0865
88.6;0.464;0.137;0.149;0.0934
88.6;0.468;0.136;0.114;0.0988
88.6;0.472;0.135;0.0713;0.102
88.7;0.476;0.134;0.117;0.105
88.7;0.48;0.133;0.127;0.11
88.8;0.484;0.132;0.123;0.116
88.8;0.489;0.131;0.0826;0.119
88.8;0.493;0.129;0.0926;0.123
88.9;0.498;0.128;0.0778;0.126
88.9;0.503;0.127;0.146;0.128
89,00;0.508;0.126;0.126;0.131
89,00;0.513;0.125;0.229;0.136
89,00;0.519;0.124;0.247;0.143
89.1;0.524;0.122;0.126;0.148
89.1;0.53;0.121;0.221;0.152
89.2;0.536;0.12;0.134;0.157
89.2;0.543;0.119;0.058;0.159
89.2;0.549;0.118;0.00715;0.159
89.3;0.555;0.117;0.0519;0.159
89.3;0.561;0.115;0.0732;0.163
89.4;0.568;0.114;0.0826;0.166
89.4;0.574;0.113;0.0848;0.168
89.4;0.581;0.112;0.114;0.172
89.5;0.588;0.111;0.0973;0.176
89.5;0.595;0.111;0.0415;0.176
89.6;0.602;0.11;0.0564;0.178
89.6;0.609;0.109;0.0625;0.18
89.6;0.616;0.108;0.0385;0.18
89.7;0.624;0.107;0.0803;0.179
89.7;0.631;0.107;0.0865;0.183
89.8;0.638;0.106;0.0795;0.187
89.8;0.646;0.106;0.0545;0.187
89.8;0.653;0.105;0.0764;0.187
89.9;0.661;0.105;0.0411;0.191
89.9;0.668;0.104;0.0671;0.191
90,00;0.676;0.104;0.141;0.186
90,00;0.683;0.104;0.171;0.183
90,00;0.691;0.104;0.144;0.183
90.1;0.698;0.105;0.159;0.192
90.1;0.706;0.104;0.0672;0.192
90.2;0.713;0.104;0.161;0.189
90.2;0.721;0.104;0.108;0.195
90.2;0.729;0.104;0.114;0.189
90.3;0.736;0.104;0.102;0.187
90.3;0.744;0.105;0.0895;0.184
90.4;0.751;0.105;0.0416;0.181
90.4;0.758;0.106;0.0795;0.182
90.4;0.765;0.107;0.0564;0.18
90.5;0.772;0.107;0.0355;0.178
90.5;0.779;0.108;0.0677;0.177
90.6;0.787;0.109;0.121;0.176
90.6;0.793;0.11;0.0853;0.172
90.6;0.8;0.111;0.0737;0.17
90.7;0.807;0.112;0.0936;0.166
90.7;0.813;0.113;0.047;0.162
90.8;0.82;0.114;0.0538;0.162
90.8;0.826;0.115;0.0788;0.16
90.8;0.832;0.116;0.104;0.156
90.9;0.838;0.117;0.0228;0.153
90.9;0.844;0.118;0.0167;0.154
91,00;0.85;0.119;0.121;0.154
91,00;0.856;0.12;0.186;0.144
91,00;0.862;0.121;0.161;0.138
91.1;0.867;0.123;0.154;0.133
91.1;0.872;0.124;0.053;0.126
91.2;0.877;0.125;0.0756;0.129
91.2;0.882;0.126;0.103;0.129
91.2;0.887;0.127;0.12;0.123
91.3;0.892;0.128;0.12;0.121
91.3;0.896;0.129;0.157;0.118
91.4;0.901;0.13;0.126;0.112
91.4;0.905;0.132;0.142;0.106
91.4;0.909;0.133;0.116;0.102
91.5;0.913;0.134;0.166;0.0961
91.5;0.917;0.135;0.141;0.0898
91.6;0.92;0.136;0.0627;0.0847
91.6;0.923;0.137;0.0908;0.0852
91.6;0.926;0.138;0.143;0.0795
91.7;0.929;0.138;0.139;0.0718
91.7;0.932;0.139;0.112;0.0694
91.8;0.935;0.14;0.116;0.0634
91.8;0.937;0.14;0.139;0.0591
91.8;0.939;0.141;0.136;0.0538
91.9;0.941;0.141;0.132;0.0471
91.9;0.943;0.142;0.0937;0.044
92,00;0.944;0.142;0.113;0.0406
92,00;0.946;0.143;0.162;0.0353
92,00;0.947;0.143;0.222;0.0286
92.1;0.948;0.143;0.166;0.018
92.1;0.949;0.144;0.0933;0.0138
92.2;0.949;0.144;0.106;0.0127
92.2;0.95;0.144;0.157;0.00485
92.2;0.95;0.144;0.108;0.00217
92.3;0.95;0.144;0.156;0.00336
92.3;0.949;0.144;0.122;0.0121
92.4;0.949;0.143;0.0933;0.0149
92.4;0.948;0.143;0.107;0.0165
92.4;0.947;0.143;0.183;0.0252
92.5;0.946;0.143;0.0921;0.0303
92.5;0.945;0.142;0.13;0.0321
92.6;0.944;0.142;0.137;0.0392
92.6;0.942;0.142;0.17;0.0453
92.6;0.94;0.141;0.113;0.0502
92.7;0.938;0.14;0.144;0.0559
92.7;0.936;0.14;0.0782;0.0601
92.8;0.934;0.139;0.0685;0.0636
92.8;0.931;0.138;0.132;0.0642
92.8;0.929;0.138;0.168;0.0735
92.9;0.926;0.137;0.0729;0.0795
92.9;0.923;0.136;0.0747;0.0777
93,00;0.92;0.135;0.142;0.0829
93,00;0.916;0.134;0.189;0.0902
93,00;0.913;0.133;0.151;0.0971
93.1;0.909;0.132;0.126;0.103
93.1;0.905;0.131;0.0707;0.106
93.2;0.9;0.13;0.0653;0.109
93.2;0.896;0.129;0.0887;0.11
93.2;0.892;0.127;0.148;0.113
93.3;0.887;0.127;0.156;0.116
93.3;0.883;0.126;0.18;0.125
93.4;0.878;0.125;0.134;0.126
93.4;0.873;0.123;0.0705;0.124
93.4;0.868;0.122;0.154;0.13
93.5;0.863;0.121;0.153;0.132
93.5;0.858;0.12;0.163;0.14
93.6;0.852;0.119;0.12;0.148
93.6;0.846;0.118;0.0326;0.149
93.6;0.84;0.117;0.0178;0.149
93.7;0.834;0.116;0.0529;0.15
93.7;0.828;0.115;0.0921;0.153
93.8;0.822;0.113;0.0612;0.158
93.8;0.816;0.112;0.0832;0.157
93.8;0.81;0.111;0.122;0.159
93.9;0.803;0.111;0.104;0.165
93.9;0.797;0.11;0.0373;0.167
94,00;0.79;0.109;0.0494;0.167
94,00;0.784;0.108;0.0955;0.17
94,00;0.777;0.108;0.032;0.173
94.1;0.77;0.107;0.0111;0.173
94.1;0.763;0.106;0.03;0.173
94.2;0.756;0.106;0.0746;0.174
94.2;0.749;0.105;0.0604;0.173
94.2;0.742;0.105;0.0558;0.176
94.3;0.735;0.105;0.0759;0.178
94.3;0.728;0.104;0.0951;0.18
94.4;0.721;0.104;0.146;0.182
94.4;0.713;0.104;0.189;0.175
94.4;0.707;0.104;0.0854;0.182
94.5;0.699;0.105;0.216;0.187
94.5;0.692;0.105;0.215;0.176
94.6;0.685;0.104;0.15;0.172
94.6;0.678;0.104;0.132;0.177
94.6;0.671;0.105;0.0542;0.18
94.7;0.664;0.105;0.106;0.174
94.7;0.657;0.105;0.0549;0.172
94.8;0.65;0.106;0.0321;0.172
94.8;0.643;0.106;0.0365;0.172
94.8;0.636;0.107;0.0409;0.171
94.9;0.629;0.107;0.109;0.169
94.9;0.623;0.108;0.0887;0.164
95,00;0.616;0.108;0.035;0.162
95,00;0.61;0.109;0.0175;0.165
95,00;0.603;0.11;0.0541;0.163
95.1;0.597;0.111;0.0659;0.161
95.1;0.59;0.111;0.0851;0.159
95.2;0.584;0.112;0.105;0.154
95.2;0.578;0.113;0.0612;0.153
95.2;0.572;0.114;0.0615;0.152
95.3;0.566;0.115;0.128;0.148
95.3;0.561;0.116;0.147;0.142
95.4;0.555;0.117;0.0854;0.137
95.4;0.55;0.118;0.0773;0.135
95.4;0.545;0.119;0.033;0.133
95.5;0.539;0.12;0.0761;0.133
95.5;0.534;0.121;0.144;0.131
95.6;0.529;0.122;0.197;0.122
95.6;0.525;0.124;0.111;0.117
95.6;0.52;0.125;0.179;0.114
95.7;0.516;0.126;0.216;0.11
95.7;0.511;0.126;0.142;0.105
95.8;0.507;0.127;0.145;0.0981
95.8;0.504;0.127;0.1;0.095
95.8;0.5;0.128;0.0872;0.094
95.9;0.496;0.129;0.132;0.0903
95.9;0.493;0.13;0.115;0.0827
96,00;0.49;0.13;0.101;0.0806
96,00;0.487;0.131;0.0742;0.0763
96,00;0.484;0.132;0.117;0.0726
96.1;0.481;0.133;0.114;0.0693
96.1;0.478;0.133;0.135;0.0622
96.2;0.476;0.134;0.0708;0.059
96.2;0.474;0.134;0.129;0.0569
96.2;0.472;0.135;0.132;0.0501
96.3;0.47;0.135;0.144;0.0446
96.3;0.468;0.136;0.136;0.0403
96.4;0.467;0.136;0.149;0.0329
96.4;0.466;0.136;0.105;0.0292
96.4;0.465;0.136;0.0677;0.027
96.5;0.464;0.136;0.144;0.0241
96.5;0.463;0.136;0.186;0.016
96.6;0.462;0.136;0.187;0.00806
96.6;0.462;0.137;0.125;0.00211
96.6;0.462;0.136;0.0839;0.00377
96.7;0.462;0.136;0.0645;0.00396
96.7;0.462;0.136;0.124;0.0069
96.8;0.463;0.136;0.18;0.0137
96.8;0.463;0.136;0.158;0.0216
96.8;0.464;0.136;0.103;0.0265
96.9;0.466;0.136;0.0932;0.0293
96.9;0.467;0.136;0.0765;0.0328
97,00;0.468;0.135;0.134;0.0349
97,00;0.469;0.135;0.162;0.042
97,00;0.471;0.135;0.121;0.0498
97.1;0.473;0.134;0.0817;0.0508
97.1;0.475;0.134;0.0887;0.0543
97.2;0.478;0.133;0.118;0.0584
97.2;0.48;0.133;0.119;0.0628
97.2;0.482;0.132;0.123;0.0683
97.3;0.485;0.131;0.103;0.0722
97.3;0.488;0.13;0.106;0.0765
97.4;0.491;0.13;0.124;0.0807
97.4;0.494;0.129;0.121;0.0862
97.4;0.498;0.128;0.0836;0.0907
97.5;0.501;0.127;0.0794;0.0925
97.5;0.505;0.127;0.141;0.0929
97.6;0.509;0.126;0.143;0.097
97.6;0.513;0.126;0.193;0.104
97.6;0.517;0.125;0.276;0.108
97.7;0.521;0.124;0.131;0.114
97.7;0.526;0.122;0.144;0.117
97.8;0.53;0.121;0.177;0.121
97.8;0.535;0.12;0.131;0.128
97.8;0.54;0.119;0.0616;0.132
97.9;0.545;0.118;0.0507;0.132
97.9;0.551;0.117;0.0942;0.132
98,00;0.556;0.116;0.0738;0.135
98,00;0.561;0.115;0.0716;0.139
98,00;0.567;0.114;0.0259;0.139
98.1;0.572;0.114;0.0858;0.139
98.1;0.578;0.113;0.11;0.142
98.2;0.584;0.112;0.124;0.148
98.2;0.589;0.111;0.1;0.152
98.2;0.596;0.111;0.0728;0.155
98.3;0.602;0.11;0.0342;0.156
98.3;0.608;0.109;0.0186;0.156
98.4;0.614;0.108;0.0449;0.155
98.4;0.62;0.108;0.042;0.157
98.4;0.627;0.107;0.0808;0.159
98.5;0.633;0.107;0.0544;0.161
98.5;0.639;0.106;0.0546;0.162
98.6;0.646;0.106;0.0404;0.162
98.6;0.652;0.105;0.0612;0.166
98.6;0.659;0.105;0.0204;0.165
98.7;0.666;0.105;0.0422;0.163
98.7;0.672;0.105;0.0213;0.167
98.8;0.679;0.104;0.0963;0.165
98.8;0.685;0.104;0.172;0.162
98.8;0.692;0.104;0.121;0.162
98.9;0.698;0.105;0.169;0.17
98.9;0.705;0.104;0.0875;0.171
99,00;0.712;0.104;0.14;0.168
99,00;0.719;0.104;0.131;0.172
99,00;0.726;0.104;0.0767;0.17
99.1;0.733;0.104;0.0895;0.167
99.1;0.739;0.105;0.104;0.165
99.2;0.746;0.105;0.072;0.161
99.2;0.752;0.105;0.0679;0.158
99.2;0.758;0.106;0.0658;0.158
99.3;0.764;0.106;0.0449;0.158
99.3;0.771;0.107;0.0641;0.157
99.4;0.777;0.108;0.0412;0.156
99.4;0.783;0.109;0.048;0.156
99.4;0.789;0.109;0.0955;0.151
99.5;0.795;0.11;0.0937;0.15
99.5;0.801;0.111;0.078;0.145
99.6;0.807;0.111;0.0633;0.142
99.6;0.813;0.112;0.094;0.143
99.6;0.818;0.113;0.118;0.138
99.7;0.823;0.114;0.123;0.133
99.7;0.829;0.115;0.0328;0.129
99.8;0.834;0.116;0.0706;0.129
99.8;0.839;0.117;0.073;0.128
99.8;0.844;0.118;0.112;0.124
99.9;0.849;0.119;0.0715;0.12
99.9;0.853;0.12;0.0944;0.117
100,00;0.858;0.12;0.0899;0.114
100,00;0.862;0.121;0.0695;0.11
100,00;0.866;0.122;0.167;0.109
100,00;0.871;0.123;0.216;0.098
100,00;0.874;0.124;0.0835;0.0891
100,00;0.877;0.125;0.0884;0.0943
100,00;0.881;0.126;0.116;0.0969
100,00;0.885;0.127;0.155;0.0909
100,00;0.888;0.128;0.137;0.0861
100,00;0.892;0.128;0.137;0.0814
100,00;0.895;0.129;0.128;0.0756
100,00;0.898;0.129;0.0788;0.0731
100,00;0.9;0.13;0.0863;0.0693
100,00;0.903;0.131;0.0754;0.0668
101,00;0.906;0.131;0.109;0.0638
101,00;0.908;0.132;0.125;0.0579
101,00;0.91;0.132;0.133;0.0537
101,00;0.912;0.133;0.0944;0.0482
101,00;0.914;0.133;0.0841;0.0448
101,00;0.916;0.134;0.113;0.043
101,00;0.917;0.134;0.164;0.0354
101,00;0.918;0.134;0.12;0.0297
101,00;0.92;0.134;0.101;0.0268
101,00;0.921;0.134;0.121;0.0221
101,00;0.921;0.134;0.156;0.017
101,00;0.922;0.134;0.127;0.0104
101,00;0.922;0.134;0.154;0.00599
101,00;0.922;0.134;0.127;0.00191
101,00;0.922;0.134;0.0647;0.00655
101,00;0.922;0.134;0.0776;0.00504
101,00;0.922;0.134;0.119;0.0114
101,00;0.921;0.134;0.149;0.017
101,00;0.921;0.134;0.113;0.0209
101,00;0.92;0.133;0.147;0.0271
101,00;0.919;0.133;0.0961;0.0298
101,00;0.917;0.133;0.166;0.0345
101,00;0.916;0.132;0.156;0.0431
101,00;0.914;0.132;0.106;0.0474
101,00;0.912;0.131;0.0558;0.0497
102,00;0.91;0.131;0.113;0.0528
102,00;0.908;0.131;0.12;0.0569
102,00;0.906;0.13;0.15;0.0635
102,00;0.903;0.129;0.0898;0.0683
102,00;0.9;0.129;0.0954;0.0699
102,00;0.898;0.128;0.0913;0.0743
102,00;0.895;0.127;0.0587;0.078
102,00;0.891;0.127;0.0702;0.077
102,00;0.888;0.127;0.136;0.0815
102,00;0.885;0.126;0.201;0.0883
102,00;0.881;0.125;0.132;0.0951
102,00;0.878;0.124;0.00804;0.0944
102,00;0.874;0.123;0.1;0.0922
102,00;0.87;0.123;0.165;0.1
102,00;0.866;0.122;0.0889;0.106
102,00;0.862;0.121;0.126;0.107
102,00;0.858;0.12;0.167;0.114
102,00;0.853;0.119;0.12;0.122
102,00;0.848;0.118;0.0256;0.123
102,00;0.844;0.117;0.0537;0.121
102,00;0.839;0.116;0.0726;0.121
102,00;0.834;0.116;0.0877;0.128
102,00;0.829;0.115;0.0597;0.129
102,00;0.824;0.114;0.0537;0.131
102,00;0.818;0.113;0.0637;0.133
103,00;0.813;0.112;0.065;0.134
103,00;0.808;0.111;0.118;0.138
103,00;0.802;0.111;0.0935;0.143
103,00;0.797;0.11;0.0516;0.146
103,00;0.791;0.109;0.0233;0.146
103,00;0.785;0.109;0.0492;0.148
103,00;0.779;0.108;0.0407;0.148
103,00;0.773;0.107;0.0546;0.149
103,00;0.767;0.107;0.0418;0.148
103,00;0.761;0.106;0.048;0.149
103,00;0.755;0.106;0.038;0.151
103,00;0.749;0.105;0.0382;0.15
103,00;0.743;0.105;0.0662;0.151
103,00;0.737;0.104;0.0875;0.155
103,00;0.731;0.104;0.0738;0.155
103,00;0.725;0.104;0.0406;0.157
103,00;0.718;0.104;0.135;0.158
103,00;0.712;0.104;0.129;0.153
103,00;0.706;0.104;0.0961;0.157
103,00;0.7;0.104;0.171;0.158
103,00;0.694;0.104;0.116;0.152
103,00;0.687;0.104;0.117;0.15
103,00;0.682;0.104;0.0719;0.154
103,00;0.675;0.104;0.0304;0.157
103,00;0.669;0.104;0.0679;0.155
104,00;0.663;0.104;0.044;0.152
104,00;0.657;0.105;0.0457;0.151
104,00;0.651;0.105;0.0196;0.152
104,00;0.645;0.105;0.0566;0.15
104,00;0.639;0.105;0.0637;0.148
104,00;0.633;0.106;0.0582;0.146
104,00;0.627;0.106;0.0525;0.143
104,00;0.621;0.107;0.0462;0.142
104,00;0.616;0.107;0.0559;0.142
104,00;0.61;0.108;0.0444;0.141
104,00;0.605;0.108;0.0623;0.139
104,00;0.599;0.109;0.0431;0.137
104,00;0.594;0.11;0.0937;0.136
104,00;0.588;0.11;0.0614;0.132
104,00;0.583;0.111;0.0622;0.13
104,00;0.578;0.111;0.0914;0.129
104,00;0.573;0.112;0.134;0.123
104,00;0.568;0.113;0.0838;0.118
104,00;0.564;0.113;0.0619;0.117
104,00;0.559;0.114;0.111;0.114
104,00;0.555;0.115;0.129;0.108
104,00;0.551;0.115;0.0747;0.104
104,00;0.546;0.116;0.0116;0.103
104,00;0.542;0.117;0.0383;0.104
104,00;0.538;0.118;0.0827;0.102
105,00;0.534;0.119;0.166;0.0979
105,00;0.531;0.12;0.182;0.0892
105,00;0.527;0.12;0.128;0.0826
105,00;0.524;0.121;0.0597;0.0818
105,00;0.521;0.122;0.0832;0.08
105,00;0.518;0.123;0.17;0.0757
105,00;0.515;0.124;0.165;0.0704
105,00;0.513;0.124;0.152;0.0655
105,00;0.51;0.125;0.161;0.0593
105,00;0.508;0.125;0.0971;0.0523
105,00;0.506;0.125;0.0657;0.0514
105,00;0.504;0.126;0.0908;0.0507
105,00;0.502;0.126;0.141;0.044
105,00;0.501;0.127;0.11;0.039
105,00;0.499;0.127;0.1;0.0358
105,00;0.498;0.127;0.115;0.031
105,00;0.497;0.128;0.0813;0.0266
105,00;0.496;0.128;0.109;0.0245
105,00;0.495;0.128;0.122;0.019
105,00;0.494;0.128;0.126;0.0142
105,00;0.494;0.128;0.118;0.0105
105,00;0.493;0.128;0.124;0.00414
105,00;0.493;0.128;0.0653;0.00106
105,00;0.493;0.128;0.0437;0.00131
105,00;0.493;0.128;0.127;0.0029
106,00;0.494;0.128;0.113;0.0104
106,00;0.494;0.128;0.121;0.0139
106,00;0.495;0.128;0.0864;0.0174
106,00;0.496;0.128;0.146;0.0232
106,00;0.497;0.128;0.118;0.0272
106,00;0.498;0.128;0.0942;0.0328
106,00;0.499;0.127;0.0918;0.0341
106,00;0.5;0.127;0.116;0.0391
106,00;0.502;0.126;0.121;0.0444
106,00;0.504;0.126;0.0649;0.048
106,00;0.506;0.126;0.0469;0.0502
106,00;0.508;0.125;0.0652;0.051
106,00;0.51;0.125;0.154;0.0552
106,00;0.512;0.124;0.127;0.0617
106,00;0.515;0.124;0.145;0.0658
106,00;0.517;0.123;0.185;0.0713
106,00;0.52;0.123;0.196;0.079
106,00;0.523;0.122;0.12;0.0843
106,00;0.527;0.12;0.0947;0.0879
106,00;0.53;0.119;0.137;0.0888
106,00;0.534;0.119;0.0939;0.0923
106,00;0.537;0.118;0.111;0.0965
106,00;0.541;0.117;0.0521;0.1
106,00;0.545;0.116;0.0676;0.1
106,00;0.549;0.115;0.0539;0.103
107,00;0.553;0.115;0.0615;0.105
107,00;0.557;0.114;0.0644;0.105
107,00;0.561;0.113;0.123;0.111
107,00;0.566;0.113;0.0837;0.115
107,00;0.571;0.112;0.0511;0.117
107,00;0.575;0.111;0.0348;0.118
107,00;0.58;0.111;0.0877;0.119
107,00;0.585;0.11;0.115;0.124
107,00;0.59;0.109;0.105;0.129
107,00;0.595;0.109;0.0283;0.131
107,00;0.6;0.108;0.0608;0.131
107,00;0.605;0.108;0.0255;0.134
107,00;0.611;0.107;0.0304;0.134
107,00;0.616;0.107;0.0247;0.132
107,00;0.621;0.106;0.0421;0.136
107,00;0.627;0.106;0.0308;0.136
107,00;0.632;0.105;0.0452;0.134
107,00;0.638;0.105;0.106;0.139
107,00;0.643;0.105;0.0562;0.143
107,00;0.649;0.104;0.0894;0.143
107,00;0.655;0.104;0.0301;0.144
107,00;0.66;0.104;0.0161;0.144
107,00;0.666;0.104;0.0141;0.144
107,00;0.672;0.103;0.022;0.145
107,00;0.678;0.103;0.0586;0.145
108,00;0.684;0.103;0.104;0.142
108,00;0.689;0.103;0.148;0.14
108,00;0.695;0.103;0.142;0.143
108,00;0.701;0.104;0.2;0.151
108,00;0.707;0.104;0.196;0.149
108,00;0.713;0.103;0.0864;0.143
108,00;0.718;0.103;0.188;0.145
108,00;0.724;0.103;0.0994;0.146
108,00;0.73;0.104;0.0708;0.144
108,00;0.736;0.104;0.0316;0.141
108,00;0.741;0.104;0.05;0.141
108,00;0.747;0.104;0.0309;0.142
108,00;0.752;0.105;0.0741;0.14
108,00;0.758;0.105;0.055;0.136
108,00;0.763;0.106;0.0747;0.136
108,00;0.769;0.107;0.0518;0.135
108,00;0.774;0.107;0.0278;0.132
108,00;0.779;0.108;0.0399;0.132
108,00;0.785;0.108;0.0533;0.131
108,00;0.79;0.109;0.0721;0.13
108,00;0.795;0.11;0.0809;0.128
108,00;0.8;0.11;0.136;0.122
108,00;0.805;0.111;0.0733;0.119
108,00;0.809;0.111;0.0707;0.116
108,00;0.814;0.112;0.0468;0.114
109,00;0.818;0.113;0.0551;0.113
109,00;0.823;0.113;0.0517;0.111
109,00;0.827;0.114;0.0694;0.108
109,00;0.831;0.114;0.0909;0.106
109,00;0.836;0.115;0.082;0.101
109,00;0.839;0.116;0.0617;0.0999
109,00;0.843;0.117;0.0625;0.098
109,00;0.847;0.117;0.122;0.0934
109,00;0.851;0.118;0.0644;0.0893
109,00;0.854;0.118;0.0646;0.0871
109,00;0.858;0.119;0.095;0.0855
109,00;0.861;0.12;0.132;0.079
109,00;0.864;0.12;0.0747;0.0747
109,00;0.867;0.121;0.0433;0.0735
109,00;0.87;0.121;0.119;0.0717
109,00;0.872;0.122;0.156;0.0648
109,00;0.875;0.122;0.134;0.0582
109,00;0.877;0.123;0.0646;0.055
109,00;0.879;0.123;0.0982;0.0529
109,00;0.881;0.124;0.11;0.048
109,00;0.883;0.124;0.108;0.0429
109,00;0.884;0.125;0.0536;0.0403
109,00;0.886;0.125;0.0951;0.0382
109,00;0.887;0.125;0.127;0.0341
109,00;0.889;0.125;0.113;0.0284
110,00;0.89;0.125;0.0968;0.0259
110,00;0.891;0.126;0.121;0.0227
110,00;0.891;0.126;0.115;0.0181
110,00;0.892;0.126;0.106;0.0132
110,00;0.892;0.126;0.0625;0.011
110,00;0.893;0.126;0.0855;0.00889
110,00;0.893;0.126;0.0962;0.00419
110,00;0.893;0.126;0.0712;0.000998
110,00;0.893;0.126;0.055;0.00119
110,00;0.893;0.126;0.128;0.00378
110,00;0.893;0.126;0.0889;0.0108
110,00;0.892;0.126;0.0941;0.0127
110,00;0.892;0.126;0.0829;0.0156
110,00;0.891;0.126;0.1;0.0217
110,00;0.89;0.126;0.0151;0.0224
110,00;0.889;0.126;0.0427;0.0228
110,00;0.888;0.126;0.101;0.025
110,00;0.887;0.126;0.112;0.0313
110,00;0.886;0.126;0.111;0.0345
110,00;0.884;0.126;0.154;0.0389
110,00;0.883;0.125;0.188;0.0466
110,00;0.881;0.125;0.103;0.0517
110,00;0.879;0.124;0.0271;0.0534
110,00;0.877;0.124;0.0336;0.0524
110,00;0.875;0.123;0.114;0.0543
111,00;0.872;0.122;0.128;0.0614
111,00;0.87;0.122;0.0688;0.0649
111,00;0.867;0.121;0.0601;0.0659
111,00;0.865;0.121;0.108;0.0689
111,00;0.862;0.12;0.133;0.0741
111,00;0.859;0.119;0.0967;0.0801
111,00;0.856;0.119;0.0613;0.0818
111,00;0.853;0.118;0.0658;0.0842
111,00;0.849;0.117;0.107;0.0877
111,00;0.846;0.117;0.0788;0.0921
111,00;0.842;0.116;0.0812;0.0948
111,00;0.838;0.115;0.0869;0.0961
111,00;0.834;0.115;0.0699;0.102
111,00;0.83;0.114;0.082;0.103
111,00;0.826;0.113;0.0182;0.106
111,00;0.822;0.112;0.0221;0.107
111,00;0.818;0.112;0.0572;0.105
111,00;0.814;0.111;0.118;0.111
111,00;0.809;0.11;0.0754;0.114
111,00;0.805;0.11;0.0446;0.116
111,00;0.8;0.109;0.0438;0.117
111,00;0.795;0.108;0.07;0.118
111,00;0.791;0.108;0.113;0.121
111,00;0.786;0.107;0.0712;0.127
111,00;0.78;0.107;0.0633;0.127
112,00;0.776;0.106;0.0549;0.129
112,00;0.77;0.105;0.0629;0.13
112,00;0.765;0.105;0.0384;0.131
112,00;0.76;0.105;0.0439;0.131
112,00;0.755;0.104;0.021;0.13
112,00;0.749;0.104;0.034;0.134
112,00;0.744;0.103;0.0436;0.131
112,00;0.739;0.103;0.0935;0.134
112,00;0.733;0.103;0.0459;0.135
112,00;0.728;0.103;0.0525;0.134
112,00;0.723;0.103;0.0839;0.139
112,00;0.717;0.102;0.147;0.135
112,00;0.712;0.103;0.0702;0.13
112,00;0.707;0.103;0.171;0.14
112,00;0.701;0.103;0.132;0.142
112,00;0.695;0.103;0.141;0.135
112,00;0.69;0.103;0.0924;0.132
112,00;0.685;0.103;0.0454;0.133
112,00;0.679;0.103;0.00788;0.136
112,00;0.674;0.103;0.0651;0.133
112,00;0.669;0.103;0.0561;0.13
112,00;0.663;0.103;0.0604;0.132
112,00;0.658;0.104;0.0333;0.133
112,00;0.653;0.104;0.0436;0.13
112,00;0.648;0.104;0.0666;0.128
113,00;0.642;0.104;0.0655;0.129
113,00;0.637;0.105;0.0821;0.124
113,00;0.633;0.105;0.0141;0.122
113,00;0.628;0.106;0.0401;0.124
113,00;0.623;0.106;0.0875;0.122
113,00;0.618;0.106;0.0832;0.116
113,00;0.613;0.107;0.0681;0.116
113,00;0.609;0.108;0.0152;0.116
113,00;0.604;0.108;0.0454;0.114
113,00;0.6;0.109;0.0667;0.112
113,00;0.595;0.109;0.0634;0.109
113,00;0.591;0.11;0.0515;0.107
113,00;0.587;0.111;0.0613;0.105
113,00;0.583;0.111;0.107;0.103
113,00;0.579;0.112;0.0843;0.0978
113,00;0.575;0.112;0.0455;0.0951
113,00;0.571;0.113;0.0576;0.0962
113,00;0.567;0.113;0.116;0.0925
113,00;0.564;0.114;0.132;0.0871
113,00;0.56;0.114;0.121;0.0828
113,00;0.557;0.115;0.077;0.0778
113,00;0.554;0.116;0.0861;0.0776
113,00;0.551;0.116;0.0743;0.0736
113,00;0.549;0.117;0.0717;0.0693
113,00;0.546;0.117;0.0582;0.0702
114,00;0.543;0.118;0.12;0.0654
114,00;0.541;0.118;0.101;0.0605
114,00;0.538;0.119;0.0597;0.0575
114,00;0.536;0.119;0.0736;0.0562
114,00;0.534;0.12;0.108;0.0522
114,00;0.532;0.12;0.123;0.0468
114,00;0.53;0.12;0.113;0.0427
114,00;0.529;0.121;0.0833;0.0389
114,00;0.527;0.121;0.0673;0.0364
114,00;0.526;0.122;0.0807;0.0339
114,00;0.525;0.122;0.112;0.0302
114,00;0.524;0.122;0.137;0.0252
114,00;0.523;0.123;0.119;0.0198
114,00;0.522;0.123;0.103;0.0168
114,00;0.521;0.123;0.111;0.0126
114,00;0.521;0.123;0.121;0.00741
114,00;0.521;0.123;0.0991;0.00332
114,00;0.521;0.123;0.0894;0.00119
114,00;0.521;0.123;0.0383;0.004
114,00;0.521;0.122;0.0241;0.00428
114,00;0.521;0.122;0.0959;0.005
114,00;0.521;0.122;0.0986;0.0118
114,00;0.522;0.122;0.0816;0.0144
114,00;0.523;0.122;0.122;0.0161
114,00;0.523;0.122;0.157;0.0246
115,00;0.524;0.122;0.0912;0.0291
115,00;0.526;0.121;0.0505;0.0308
115,00;0.527;0.121;0.106;0.0329
115,00;0.528;0.121;0.115;0.0386
115,00;0.53;0.12;0.11;0.0433
115,00;0.532;0.12;0.0881;0.0455
115,00;0.533;0.12;0.0652;0.0503
115,00;0.536;0.119;0.0657;0.0508
115,00;0.537;0.119;0.0764;0.0529
115,00;0.54;0.118;0.106;0.0583
115,00;0.542;0.118;0.0628;0.0597
115,00;0.544;0.118;0.109;0.0628
115,00;0.547;0.117;0.0907;0.0687
115,00;0.55;0.117;0.0855;0.0699
115,00;0.552;0.116;0.0578;0.0731
115,00;0.555;0.116;0.06;0.0765
115,00;0.558;0.115;0.0571;0.076
115,00;0.561;0.114;0.129;0.0809
115,00;0.565;0.114;0.0941;0.0863
115,00;0.568;0.113;0.0429;0.0885
115,00;0.572;0.113;0.043;0.0889
115,00;0.575;0.112;0.109;0.0914
115,00;0.579;0.111;0.0948;0.097
115,00;0.583;0.111;0.0782;0.0998
115,00;0.587;0.11;0.0373;0.102
116,00;0.591;0.11;0.0756;0.103
116,00;0.595;0.109;0.0503;0.106
116,00;0.599;0.109;0.0521;0.108
116,00;0.604;0.108;0.0221;0.109
116,00;0.608;0.107;0.029;0.108
116,00;0.612;0.107;0.1;0.109
116,00;0.617;0.107;0.0618;0.113
116,00;0.621;0.106;0.0384;0.113
116,00;0.626;0.106;0.0412;0.115
116,00;0.63;0.106;0.0717;0.117
116,00;0.635;0.105;0.0118;0.117
116,00;0.64;0.105;0.0252;0.118
116,00;0.644;0.105;0.043;0.119
116,00;0.649;0.104;0.0679;0.121
116,00;0.654;0.104;0.0432;0.122
116,00;0.659;0.104;0.0354;0.122
116,00;0.664;0.104;0.0221;0.121
116,00;0.669;0.104;0.0228;0.121
116,00;0.674;0.104;0.0668;0.123
116,00;0.679;0.104;0.0587;0.124
116,00;0.684;0.104;0.0626;0.121
116,00;0.688;0.104;0.0677;0.12
116,00;0.693;0.104;0.0704;0.12
116,00;0.698;0.104;0.17;0.124
116,00;0.703;0.104;0.142;0.131
117,00;0.708;0.104;0.0617;0.13
117,00;0.713;0.104;0.108;0.125
117,00;0.718;0.104;0.0539;0.127
117,00;0.724;0.104;0.0496;0.127
117,00;0.728;0.104;0.0779;0.122
117,00;0.733;0.104;0.0677;0.121
117,00;0.738;0.105;0.0481;0.12
117,00;0.743;0.105;0.0166;0.121
117,00;0.748;0.105;0.0356;0.12
117,00;0.753;0.106;0.0729;0.118
117,00;0.757;0.106;0.0301;0.117
117,00;0.762;0.106;0.0233;0.115
117,00;0.766;0.107;0.0274;0.116
117,00;0.771;0.107;0.0289;0.114
117,00;0.775;0.108;0.066;0.113
117,00;0.78;0.108;0.113;0.11
117,00;0.784;0.109;0.0815;0.106
117,00;0.788;0.11;0.0466;0.104
117,00;0.793;0.11;0.0718;0.103
117,00;0.797;0.111;0.0783;0.0997
117,00;0.8;0.111;0.0784;0.097
117,00;0.804;0.112;0.0871;0.0942
117,00;0.808;0.112;0.0862;0.0911
117,00;0.811;0.113;0.0669;0.0883
117,00;0.815;0.114;0.0578;0.0869
118,00;0.818;0.114;0.0778;0.0851
118,00;0.822;0.115;0.112;0.0819
118,00;0.825;0.116;0.0374;0.078
118,00;0.828;0.116;0.0718;0.0779
118,00;0.831;0.117;0.0592;0.0749
118,00;0.834;0.117;0.0877;0.0709
118,00;0.836;0.117;0.0721;0.0701
118,00;0.839;0.118;0.123;0.0645
118,00;0.842;0.118;0.081;0.0602
118,00;0.844;0.118;0.0638;0.0581
118,00;0.846;0.119;0.0512;0.0557
118,00;0.848;0.119;0.0509;0.0538
118,00;0.85;0.119;0.0949;0.0522
118,00;0.852;0.12;0.118;0.0476
118,00;0.854;0.12;0.128;0.0424
118,00;0.856;0.12;0.0875;0.0383
118,00;0.857;0.121;0.0709;0.0358
118,00;0.859;0.121;0.0944;0.0333
118,00;0.86;0.121;0.0966;0.0298
118,00;0.861;0.121;0.111;0.0262
118,00;0.862;0.121;0.137;0.0214
118,00;0.863;0.122;0.116;0.0163
118,00;0.863;0.122;0.0591;0.0121
118,00;0.864;0.122;0.0382;0.0114
118,00;0.864;0.122;0.0727;0.00993
119,00;0.864;0.122;0.111;0.00518
119,00;0.864;0.121;0.0735;0.00106
119,00;0.864;0.121;0.0394;0.00108
119,00;0.864;0.121;0.0485;0.00202
119,00;0.864;0.121;0.121;0.00482
119,00;0.864;0.121;0.0755;0.0114
119,00;0.863;0.121;0.077;0.0124
119,00;0.863;0.121;0.102;0.0149
119,00;0.862;0.121;0.11;0.0223
119,00;0.861;0.121;0.0349;0.0233
119,00;0.86;0.12;0.0779;0.0241
119,00;0.859;0.12;0.147;0.0289
119,00;0.858;0.12;0.144;0.0361
119,00;0.857;0.12;0.116;0.0408
119,00;0.855;0.12;0.0834;0.0447
119,00;0.853;0.119;0.0399;0.0479
119,00;0.851;0.119;0.0567;0.0476
119,00;0.849;0.119;0.108;0.0513
119,00;0.847;0.118;0.116;0.0572
119,00;0.845;0.118;0.0657;0.0601
119,00;0.842;0.118;0.089;0.0623
119,00;0.84;0.117;0.082;0.0667
119,00;0.837;0.117;0.0831;0.0698
119,00;0.834;0.116;0.037;0.0723
119,00;0.831;0.116;0.0803;0.0737
120,00;0.829;0.115;0.0748;0.077
120,00;0.825;0.115;0.0665;0.0811
120,00;0.822;0.114;0.0319;0.0813
120,00;0.819;0.114;0.0317;0.0793
120,00;0.816;0.113;0.0649;0.0819
120,00;0.812;0.113;0.0758;0.0864
120,00;0.809;0.112;0.0311;0.0864
120,00;0.806;0.112;0.0708;0.089
120,00;0.802;0.111;0.0977;0.0919
120,00;0.798;0.111;0.0559;0.096
120,00;0.794;0.11;0.0636;0.0967
120,00;0.791;0.11;0.0679;0.0993
120,00;0.786;0.109;0.0962;0.103
120,00;0.782;0.109;0.0639;0.105
120,00;0.778;0.109;0.0303;0.109
120,00;0.774;0.108;0.0402;0.107
120,00;0.77;0.108;0.0453;0.106
120,00;0.765;0.107;0.0869;0.111
120,00;0.761;0.107;0.0546;0.114
120,00;0.756;0.106;0.084;0.113
120,00;0.752;0.106;0.0441;0.112
120,00;0.747;0.106;0.0471;0.115
120,00;0.743;0.106;0.0471;0.115
120,00;0.738;0.105;0.0843;0.115
120,00;0.733;0.105;0.0443;0.117
121,00;0.729;0.105;0.0202;0.117
121,00;0.724;0.105;0.0223;0.117
121,00;0.719;0.105;0.0578;0.118
121,00;0.715;0.105;0.0847;0.115
121,00;0.71;0.105;0.0562;0.114
121,00;0.706;0.106;0.128;0.119
121,00;0.701;0.106;0.136;0.119
121,00;0.696;0.105;0.0844;0.116
121,00;0.691;0.105;0.125;0.113
121,00;0.687;0.105;0.055;0.11
121,00;0.683;0.105;0.0482;0.112
121,00;0.678;0.105;0.0128;0.115
121,00;0.673;0.105;0.043;0.112
121,00;0.669;0.106;0.0456;0.113
121,00;0.664;0.106;0.0776;0.112
121,00;0.66;0.106;0.0279;0.107
121,00;0.656;0.106;0.0576;0.109
121,00;0.651;0.106;0.0106;0.111
121,00;0.647;0.107;0.105;0.108
121,00;0.643;0.107;0.0517;0.105
121,00;0.639;0.107;0.0561;0.105
121,00;0.634;0.108;0.0279;0.102
121,00;0.63;0.108;0.076;0.102
121,00;0.626;0.108;0.0846;0.1
121,00;0.622;0.108;0.119;0.0938
122,00;0.619;0.109;0.0233;0.0912
122,00;0.615;0.109;0.0464;0.092
122,00;0.611;0.109;0.0164;0.0931
122,00;0.608;0.11;0.0613;0.0907
122,00;0.604;0.11;0.0525;0.0879
122,00;0.601;0.111;0.0537;0.0866
122,00;0.597;0.111;0.0527;0.0847
122,00;0.594;0.111;0.0999;0.0821
122,00;0.591;0.112;0.0451;0.078
122,00;0.588;0.112;0.054;0.0774
122,00;0.585;0.112;0.0318;0.0755
122,00;0.582;0.113;0.0976;0.0735
122,00;0.579;0.113;0.0857;0.07
122,00;0.576;0.114;0.112;0.0646
122,00;0.574;0.114;0.0582;0.0631
122,00;0.571;0.114;0.0947;0.0595
122,00;0.569;0.115;0.0881;0.0558
122,00;0.567;0.115;0.0311;0.0532
122,00;0.565;0.115;0.0868;0.0535
122,00;0.563;0.116;0.0995;0.0491
122,00;0.561;0.116;0.132;0.0439
122,00;0.559;0.116;0.0672;0.0404
122,00;0.558;0.116;0.0288;0.0373
122,00;0.556;0.117;0.0531;0.0394
122,00;0.555;0.117;0.109;0.0355
123,00;0.553;0.117;0.107;0.0294
123,00;0.552;0.117;0.0559;0.0276
123,00;0.551;0.117;0.119;0.0251
123,00;0.55;0.117;0.0874;0.0185
123,00;0.55;0.117;0.0996;0.0167
123,00;0.549;0.117;0.101;0.0131
123,00;0.549;0.117;0.0848;0.00628
123,00;0.548;0.117;0.00939;0.0071
123,00;0.548;0.117;0.0398;0.00737
123,00;0.548;0.117;0.114;0.004
123,00;0.548;0.117;0.155;0.00206
123,00;0.548;0.117;0.0867;0.00849
123,00;0.548;0.117;0.0626;0.00971
123,00;0.549;0.117;0.0494;0.0118
123,00;0.549;0.117;0.123;0.0152
123,00;0.55;0.117;0.107;0.02
123,00;0.551;0.117;0.0983;0.0254
123,00;0.552;0.117;0.049;0.0268
123,00;0.553;0.117;0.0641;0.0294
123,00;0.554;0.116;0.0416;0.0317
123,00;0.556;0.116;0.0481;0.0321
123,00;0.557;0.116;0.12;0.0337
123,00;0.558;0.116;0.105;0.0415
123,00;0.56;0.115;0.0725;0.0434
123,00;0.562;0.115;0.104;0.0446
124,00;0.564;0.115;0.104;0.0523
124,00;0.566;0.114;0.081;0.0529
124,00;0.568;0.114;0.0906;0.0564
124,00;0.57;0.114;0.077;0.0619
124,00;0.573;0.113;0.0319;0.0618
124,00;0.575;0.113;0.0589;0.0617
124,00;0.578;0.113;0.0968;0.0657
124,00;0.58;0.112;0.0527;0.0702
124,00;0.583;0.112;0.0472;0.0693
124,00;0.586;0.112;0.0822;0.0723
124,00;0.589;0.111;0.0697;0.0773
124,00;0.592;0.111;0.0269;0.0771
124,00;0.595;0.111;0.0537;0.0788
124,00;0.598;0.11;0.0749;0.0819
124,00;0.602;0.11;0.0515;0.0836
124,00;0.605;0.109;0.0542;0.0858
124,00;0.608;0.109;0.0445;0.0873
124,00;0.612;0.109;0.0211;0.0883
124,00;0.615;0.108;0.0113;0.0894
124,00;0.619;0.108;0.0473;0.089
124,00;0.623;0.108;0.0557;0.0895
124,00;0.626;0.107;0.102;0.0929
124,00;0.63;0.107;0.0495;0.097
124,00;0.634;0.106;0.0845;0.0965
124,00;0.638;0.106;0.0408;0.1
125,00;0.642;0.106;0.0684;0.102
125,00;0.646;0.106;0.0508;0.102
125,00;0.65;0.105;0.0552;0.102
125,00;0.654;0.105;0.00925;0.101
125,00;0.658;0.105;0.0289;0.104
125,00;0.662;0.105;0.0222;0.102
125,00;0.666;0.104;0.00627;0.103
125,00;0.67;0.104;0.0604;0.103
125,00;0.674;0.104;0.0562;0.104
125,00;0.679;0.104;0.0177;0.104
125,00;0.683;0.104;0.0395;0.102
125,00;0.687;0.104;0.0521;0.101
125,00;0.691;0.104;0.0767;0.102
125,00;0.695;0.104;0.12;0.104
125,00;0.699;0.104;0.167;0.111
125,00;0.704;0.104;0.0698;0.115
125,00;0.708;0.104;0.114;0.111
125,00;0.713;0.104;0.0847;0.106
125,00;0.717;0.104;0.0455;0.108
125,00;0.721;0.104;0.0232;0.109
125,00;0.726;0.104;0.052;0.105
125,00;0.73;0.104;0.0607;0.105
125,00;0.734;0.104;0.0366;0.102
125,00;0.738;0.105;0.0634;0.102
125,00;0.742;0.105;0.0131;0.1
126,00;0.746;0.105;0.0466;0.0994
126,00;0.75;0.105;0.00633;0.0991
126,00;0.754;0.106;0.0754;0.0972
126,00;0.758;0.106;0.029;0.0992
126,00;0.762;0.106;0.0794;0.0952
126,00;0.765;0.107;0.0202;0.0918
126,00;0.769;0.107;0.046;0.0949
126,00;0.773;0.107;0.0576;0.0962
126,00;0.777;0.108;0.0931;0.0922
126,00;0.78;0.108;0.0867;0.0888
126,00;0.784;0.109;0.0555;0.0869
126,00;0.787;0.109;0.0389;0.0843
126,00;0.79;0.109;0.0813;0.0836
126,00;0.794;0.11;0.0907;0.0789
126,00;0.797;0.11;0.0933;0.075
126,00;0.8;0.11;0.0358;0.0732
126,00;0.803;0.111;0.0783;0.072
126,00;0.805;0.111;0.0791;0.0687
126,00;0.808;0.111;0.0898;0.064
126,00;0.811;0.112;0.0623;0.063
126,00;0.813;0.112;0.0666;0.0591
126,00;0.815;0.112;0.0741;0.0572
126,00;0.817;0.113;0.0382;0.0556
126,00;0.82;0.113;0.0338;0.0541
126,00;0.822;0.114;0.0477;0.0556
127,00;0.824;0.114;0.116;0.0542
127,00;0.826;0.115;0.108;0.0465
127,00;0.828;0.115;0.0476;0.0448
127,00;0.83;0.115;0.0589;0.0451
127,00;0.831;0.115;0.0715;0.0415
127,00;0.833;0.116;0.104;0.0401
127,00;0.834;0.116;0.121;0.0349
127,00;0.836;0.116;0.0814;0.03
127,00;0.837;0.116;0.0419;0.0288
127,00;0.838;0.116;0.0474;0.0272
127,00;0.839;0.116;0.105;0.0249
127,00;0.84;0.116;0.108;0.0201
127,00;0.841;0.116;0.116;0.017
127,00;0.841;0.116;0.0975;0.0124
127,00;0.841;0.116;0.0872;0.00766
127,00;0.842;0.116;0.00733;0.00655
127,00;0.842;0.116;0.039;0.00667
127,00;0.842;0.116;0.128;0.00459
127,00;0.842;0.116;0.176;0.00434
127,00;0.842;0.116;0.0649;0.0104
127,00;0.842;0.116;0.0754;0.00932
127,00;0.841;0.116;0.104;0.0146
127,00;0.84;0.116;0.0499;0.0203
127,00;0.84;0.116;0.0252;0.0172
127,00;0.839;0.116;0.11;0.0213
128,00;0.838;0.116;0.106;0.0276
128,00;0.837;0.116;0.042;0.029
128,00;0.836;0.115;0.0457;0.0305
128,00;0.834;0.115;0.0714;0.0322
128,00;0.833;0.115;0.106;0.0359
128,00;0.832;0.115;0.0865;0.0411
128,00;0.83;0.115;0.0286;0.0424
128,00;0.828;0.114;0.0938;0.0425
128,00;0.826;0.114;0.0644;0.0487
128,00;0.824;0.114;0.0481;0.0495
128,00;0.823;0.113;0.0367;0.0474
128,00;0.821;0.113;0.133;0.0531
128,00;0.818;0.113;0.0663;0.0575
128,00;0.816;0.112;0.0639;0.0581
128,00;0.814;0.112;0.0316;0.0586
128,00;0.811;0.112;0.0465;0.0604
128,00;0.809;0.111;0.0944;0.0618
128,00;0.806;0.111;0.0747;0.0661
128,00;0.804;0.111;0.0817;0.0691
128,00;0.801;0.11;0.0529;0.0706
128,00;0.798;0.11;0.0824;0.073
128,00;0.795;0.11;0.0536;0.076
128,00;0.792;0.109;0.0261;0.0765
128,00;0.789;0.109;0.0654;0.0762
128,00;0.786;0.109;0.111;0.0822
129,00;0.783;0.108;0.0661;0.0856
129,00;0.779;0.108;0.0548;0.0862
129,00;0.776;0.107;0.0546;0.0874
129,00;0.772;0.107;0.0102;0.0883
129,00;0.769;0.106;0.0612;0.0882
129,00;0.765;0.106;0.0547;0.0893
129,00;0.762;0.106;0.0623;0.0923
129,00;0.758;0.106;0.0323;0.0931
129,00;0.754;0.105;0.0744;0.0935
129,00;0.75;0.105;0.0183;0.0925
129,00;0.747;0.105;0.0502;0.0912
129,00;0.743;0.105;0.0675;0.0945
129,00;0.739;0.105;0.0427;0.0967
129,00;0.735;0.104;0.0452;0.0939
129,00;0.732;0.104;0.0678;0.0962
129,00;0.728;0.104;0.0612;0.0996
129,00;0.724;0.104;0.0238;0.0994
129,00;0.72;0.104;0.0393;0.101
129,00;0.716;0.104;0.0874;0.0968
129,00;0.712;0.104;0.0686;0.0941
129,00;0.708;0.104;0.101;0.1
129,00;0.704;0.105;0.116;0.103
129,00;0.7;0.104;0.114;0.0999
129,00;0.696;0.104;0.0454;0.0984
129,00;0.692;0.104;0.103;0.0977
130,00;0.688;0.104;0.0968;0.0934
130,00;0.685;0.104;0.0134;0.0903
130,00;0.681;0.104;0.0765;0.0931
130,00;0.677;0.104;0.0103;0.097
130,00;0.673;0.104;0.0722;0.0943
130,00;0.67;0.104;0.0726;0.0902
130,00;0.666;0.104;0.0384;0.0891
130,00;0.662;0.104;0.0363;0.0872
130,00;0.659;0.105;0.0181;0.086
130,00;0.656;0.105;0.0495;0.0881
130,00;0.652;0.105;0.0616;0.0873
130,00;0.649;0.105;0.0465;0.0846
130,00;0.645;0.105;0.0591;0.0842
130,00;0.642;0.105;0.00342;0.0845
130,00;0.639;0.105;0.0223;0.0844
130,00;0.635;0.106;0.0835;0.0831
130,00;0.632;0.106;0.0858;0.0808
130,00;0.629;0.106;0.0651;0.0765
130,00;0.626;0.106;0.0749;0.0764
130,00;0.623;0.106;0.0557;0.0733
130,00;0.62;0.107;0.101;0.0716
130,00;0.617;0.107;0.0601;0.0701
130,00;0.614;0.107;0.0702;0.0648
130,00;0.612;0.108;0.0411;0.0663
130,00;0.609;0.108;0.058;0.0664
131,00;0.606;0.108;0.0962;0.0625
131,00;0.604;0.108;0.0612;0.0595
131,00;0.602;0.109;0.0574;0.0579
131,00;0.599;0.109;0.0375;0.057
131,00;0.597;0.109;0.0671;0.0559
131,00;0.595;0.109;0.1;0.0532
131,00;0.593;0.109;0.0577;0.0504
131,00;0.591;0.11;0.0723;0.0485
131,00;0.589;0.11;0.0629;0.0454
131,00;0.587;0.11;0.0964;0.0429
131,00;0.586;0.11;0.0399;0.0409
131,00;0.584;0.111;0.062;0.0391
131,00;0.583;0.111;0.0778;0.0397
131,00;0.581;0.111;0.106;0.0357
131,00;0.58;0.111;0.0922;0.0306
131,00;0.579;0.111;0.0443;0.0287
131,00;0.578;0.111;0.0436;0.0273
131,00;0.576;0.112;0.115;0.0262
131,00;0.576;0.112;0.0939;0.0198
131,00;0.575;0.112;0.112;0.0168
131,00;0.574;0.112;0.0425;0.0139
131,00;0.574;0.112;0.0654;0.0108
131,00;0.573;0.112;0.06;0.0109
131,00;0.573;0.112;0.12;0.0052
131,00;0.573;0.112;0.0705;0.00113
132,00;0.573;0.112;0.032;0.000466
132,00;0.573;0.112;0.0218;0.00126
132,00;0.573;0.112;0.117;0.00224
132,00;0.573;0.112;0.106;0.00962
132,00;0.574;0.112;0.096;0.0132
132,00;0.574;0.112;0.0106;0.0146
132,00;0.575;0.112;0.0726;0.0163
132,00;0.575;0.112;0.0771;0.0181
132,00;0.576;0.112;0.117;0.0242
132,00;0.577;0.112;0.0619;0.0268
132,00;0.579;0.112;0.0653;0.029
132,00;0.58;0.112;0.0354;0.0307
132,00;0.581;0.111;0.0221;0.032
132,00;0.582;0.111;0.0921;0.032
132,00;0.583;0.111;0.0972;0.0375
132,00;0.585;0.111;0.0763;0.0415
132,00;0.587;0.111;0.0473;0.0411
132,00;0.588;0.11;0.0599;0.0434
132,00;0.59;0.11;0.0682;0.0454
132,00;0.592;0.11;0.058;0.0466
132,00;0.594;0.11;0.0803;0.0496
132,00;0.596;0.109;0.0504;0.0525
132,00;0.598;0.109;0.0698;0.0533
132,00;0.6;0.109;0.069;0.0556
132,00;0.602;0.109;0.0488;0.058
133,00;0.605;0.108;0.0388;0.0592
133,00;0.607;0.108;0.0398;0.0603
133,00;0.61;0.108;0.0134;0.0611
133,00;0.612;0.108;0.0489;0.0613
133,00;0.614;0.107;0.0316;0.0617
133,00;0.617;0.107;0.0607;0.0635
133,00;0.62;0.107;0.0613;0.0666
133,00;0.622;0.107;0.0799;0.0675
133,00;0.625;0.106;0.0527;0.0718
133,00;0.628;0.106;0.0721;0.0721
133,00;0.631;0.106;0.0337;0.0731
133,00;0.634;0.106;0.0504;0.0771
133,00;0.637;0.106;0.0329;0.0752
133,00;0.64;0.106;0.0809;0.0791
133,00;0.643;0.105;0.0691;0.0827
133,00;0.646;0.105;0.029;0.0828
133,00;0.65;0.105;0.0324;0.0836
133,00;0.653;0.105;0.0193;0.085
133,00;0.657;0.105;0.0455;0.0845
133,00;0.66;0.105;0.0387;0.0815
133,00;0.663;0.105;0.0367;0.0815
133,00;0.666;0.105;0.0359;0.0834
133,00;0.67;0.104;0.0249;0.0841
133,00;0.673;0.104;0.0558;0.085
133,00;0.677;0.104;0.0338;0.0857
134,00;0.68;0.104;0.00959;0.0867
134,00;0.683;0.104;0.00612;0.0859
134,00;0.687;0.104;0.0156;0.0856
134,00;0.69;0.104;0.0426;0.087
134,00;0.694;0.104;0.0379;0.0866
134,00;0.697;0.104;0.0521;0.0868
134,00;0.701;0.104;0.106;0.0905
134,00;0.704;0.104;0.081;0.0942
134,00;0.708;0.104;0.041;0.0931
134,00;0.712;0.104;0.0626;0.0905
134,00;0.716;0.104;0.0667;0.0907
134,00;0.719;0.104;0.0317;0.0909
134,00;0.723;0.104;0.0504;0.0886
134,00;0.726;0.104;0.0327;0.0867
134,00;0.73;0.104;0.017;0.0861
134,00;0.733;0.104;0.0167;0.0854
134,00;0.737;0.104;0.0125;0.0847
134,00;0.74;0.104;0.0343;0.085
134,00;0.743;0.105;0.0782;0.0846
134,00;0.747;0.105;0.0455;0.0839
134,00;0.75;0.105;0.0927;0.0818
134,00;0.753;0.105;0.062;0.0771
134,00;0.756;0.105;0.0651;0.0782
134,00;0.759;0.106;0.0711;0.0815
134,00;0.763;0.106;0.061;0.0782
135,00;0.766;0.106;0.0809;0.0757
135,00;0.769;0.107;0.0489;0.0749
135,00;0.772;0.107;0.0681;0.0722
135,00;0.774;0.107;0.0555;0.0717
135,00;0.777;0.107;0.065;0.0714
135,00;0.78;0.108;0.0965;0.0671
135,00;0.783;0.108;0.0474;0.0635
135,00;0.785;0.108;0.0574;0.0649
135,00;0.788;0.108;0.0417;0.0662
135,00;0.79;0.109;0.106;0.0625
135,00;0.793;0.109;0.0859;0.0581
135,00;0.795;0.109;0.066;0.0559
135,00;0.797;0.109;0.0911;0.0537
135,00;0.799;0.11;0.0513;0.0495
135,00;0.801;0.11;0.0916;0.0489
135,00;0.803;0.11;0.0613;0.0447
135,00;0.805;0.11;0.0831;0.0418
135,00;0.807;0.11;0.0692;0.0408
135,00;0.808;0.11;0.11;0.0347
135,00;0.809;0.111;0.0673;0.0333
135,00;0.811;0.111;0.0741;0.031
135,00;0.812;0.111;0.0691;0.0271
135,00;0.813;0.111;0.0462;0.0256
135,00;0.814;0.111;0.00409;0.0258
135,00;0.815;0.111;0.068;0.0253
136,00;0.816;0.111;0.0923;0.0209
136,00;0.816;0.111;0.071;0.0169
136,00;0.817;0.111;0.0263;0.0162
136,00;0.818;0.111;0.0543;0.0149
136,00;0.818;0.111;0.0594;0.0122
136,00;0.819;0.111;0.0553;0.00983
136,00;0.819;0.111;0.0647;0.00862
136,00;0.819;0.111;0.0878;0.00477
136,00;0.82;0.111;0.0623;0.00121
136,00;0.82;0.111;0.0297;0.00107
136,00;0.819;0.111;0.0159;0.00159
136,00;0.819;0.111;0.0434;0.00168
136,00;0.819;0.111;0.102;0.004
136,00;0.819;0.111;0.0702;0.00997
136,00;0.819;0.111;0.0687;0.0107
136,00;0.818;0.111;0.0226;0.0134
136,00;0.818;0.111;0.0806;0.0149
136,00;0.817;0.111;0.0488;0.017
136,00;0.816;0.111;0.0703;0.0211
136,00;0.815;0.111;0.0194;0.0208
136,00;0.815;0.111;0.0622;0.0222
136,00;0.814;0.111;0.0795;0.0249
136,00;0.813;0.11;0.0591;0.0287
136,00;0.811;0.11;0.0522;0.0293
136,00;0.81;0.11;0.0472;0.0298
137,00;0.809;0.11;0.0862;0.0314
137,00;0.808;0.11;0.102;0.0364
137,00;0.806;0.11;0.0821;0.0402
137,00;0.805;0.109;0.0458;0.0397
137,00;0.803;0.109;0.0581;0.0431
137,00;0.801;0.109;0.0814;0.0431
137,00;0.8;0.109;0.09;0.0443
137,00;0.798;0.109;0.116;0.0514
137,00;0.796;0.108;0.0122;0.0521
137,00;0.794;0.108;0.0737;0.0516
137,00;0.791;0.108;0.0532;0.0531
137,00;0.789;0.107;0.0833;0.0554
137,00;0.787;0.107;0.0421;0.0588
137,00;0.785;0.107;0.08;0.0589
137,00;0.782;0.106;0.104;0.0625
137,00;0.78;0.106;0.0647;0.068
137,00;0.777;0.106;0.066;0.0671
137,00;0.774;0.106;0.0215;0.0699
137,00;0.771;0.105;0.0768;0.0701
137,00;0.769;0.105;0.0326;0.0708
137,00;0.766;0.105;0.0817;0.0727
137,00;0.763;0.105;0.051;0.0739
137,00;0.76;0.104;0.0427;0.0731
137,00;0.757;0.104;0.0764;0.0739
137,00;0.754;0.104;0.0377;0.0752
138,00;0.751;0.104;0.0468;0.0729
138,00;0.748;0.104;0.0595;0.0781
138,00;0.745;0.104;0.0195;0.0763
138,00;0.742;0.103;0.0621;0.0754
138,00;0.739;0.103;0.0665;0.08
138,00;0.736;0.103;0.0527;0.0775
138,00;0.733;0.103;0.0317;0.0758
138,00;0.73;0.103;0.0996;0.0803
138,00;0.726;0.103;0.0453;0.0843
138,00;0.723;0.103;0.0139;0.0839
138,00;0.72;0.103;0.0778;0.0841
138,00;0.716;0.103;0.0842;0.0794
138,00;0.713;0.103;0.0259;0.0757
138,00;0.71;0.103;0.109;0.0804
138,00;0.707;0.103;0.0783;0.0843
138,00;0.703;0.103;0.0714;0.085
138,00;0.7;0.103;0.0561;0.0826
138,00;0.697;0.103;0.065;0.0815
138,00;0.693;0.103;0.0747;0.0783
138,00;0.69;0.103;0.0686;0.0761
138,00;0.687;0.103;0.0148;0.0748
138,00;0.684;0.103;0.0205;0.0739
138,00;0.681;0.103;0.033;0.0765
138,00;0.678;0.103;0.0129;0.0768
138,00;0.675;0.103;0.0644;0.0767
139,00;0.672;0.103;0.045;0.0727
139,00;0.669;0.103;0.0377;0.0712
139,00;0.666;0.103;0.0332;0.072
139,00;0.664;0.103;0.0367;0.0719
139,00;0.661;0.103;0.0668;0.0708
139,00;0.658;0.104;0.0396;0.0702
139,00;0.655;0.104;0.0389;0.0706
139,00;0.652;0.104;0.0743;0.0679
139,00;0.65;0.104;0.018;0.0683
139,00;0.647;0.104;0.0626;0.0669
139,00;0.644;0.104;0.0719;0.0635
139,00;0.642;0.105;0.0652;0.0615
139,00;0.639;0.105;0.0531;0.0604
139,00;0.637;0.105;0.0695;0.0576
139,00;0.635;0.105;0.0693;0.0553
139,00;0.633;0.105;0.0111;0.0553
139,00;0.63;0.105;0.024;0.0552
139,00;0.628;0.105;0.0516;0.0542
139,00;0.626;0.106;0.0905;0.0514
139,00;0.624;0.106;0.0471;0.0473
139,00;0.622;0.106;0.0645;0.0483
139,00;0.62;0.106;0.0583;0.0443
139,00;0.619;0.106;0.0853;0.0429
139,00;0.617;0.106;0.0371;0.0415
139,00;0.616;0.106;0.0643;0.037
140,00;0.614;0.107;0.0225;0.0381
140,00;0.612;0.107;0.0663;0.0366
140,00;0.611;0.107;0.0731;0.0332
140,00;0.61;0.107;0.0549;0.0305
140,00;0.609;0.107;0.0318;0.0295
140,00;0.607;0.107;0.0392;0.0278
140,00;0.606;0.107;0.0321;0.0266
140,00;0.605;0.107;0.0415;0.0256
140,00;0.604;0.107;0.062;0.0235
140,00;0.603;0.107;0.048;0.0205
140,00;0.603;0.107;0.0799;0.0199
140,00;0.602;0.107;0.0439;0.0157
140,00;0.601;0.107;0.0732;0.0144
140,00;0.601;0.107;0.037;0.0123
140,00;0.6;0.107;0.0262;0.00946
140,00;0.6;0.107;0.0296;0.012
140,00;0.6;0.107;0.105;0.00748
140,00;0.599;0.106;0.0913;0.00255
140,00;0.599;0.106;0.0366;0.000945
140,00;0.599;0.106;0.0228;0.000944
140,00;0.599;0.106;0.00954;0.0012
140,00;0.599;0.106;0.0137;0.0015
140,00;0.599;0.106;0.0325;0.00208
140,00;0.6;0.106;0.0928;0.00384
140,00;0.6;0.106;0.0697;0.00925
141,00;0.6;0.106;0.0279;0.0107
141,00;0.601;0.106;0.0214;0.00991
141,00;0.601;0.106;0.027;0.0131
141,00;0.602;0.106;0.0446;0.0125
141,00;0.602;0.106;0.0861;0.0152
141,00;0.603;0.106;0.0817;0.0209
141,00;0.604;0.106;0.0204;0.0212
141,00;0.605;0.106;0.038;0.0191
141,00;0.605;0.106;0.0864;0.0222
141,00;0.606;0.106;0.0838;0.0271
141,00;0.607;0.106;0.0343;0.0282
141,00;0.609;0.106;0.0214;0.0288
141,00;0.61;0.106;0.0223;0.0293
141,00;0.611;0.106;0.0327;0.0307
141,00;0.612;0.106;0.046;0.0318
141,00;0.614;0.106;0.0887;0.0341
141,00;0.615;0.106;0.0487;0.0383
141,00;0.617;0.105;0.0525;0.0377
141,00;0.618;0.105;0.0724;0.0396
141,00;0.62;0.105;0.0889;0.0433
141,00;0.621;0.105;0.0241;0.0452
141,00;0.623;0.105;0.0466;0.0445
141,00;0.625;0.105;0.0621;0.0466
141,00;0.627;0.105;0.0606;0.0514
141,00;0.629;0.105;0.0336;0.0496
142,00;0.631;0.104;0.0721;0.0491
142,00;0.633;0.104;0.104;0.0533
142,00;0.635;0.104;0.0555;0.0567
142,00;0.637;0.104;0.0129;0.057
142,00;0.64;0.104;0.0141;0.0576
142,00;0.642;0.104;0.0298;0.0581
142,00;0.644;0.104;0.0315;0.0596
142,00;0.647;0.104;0.0293;0.0607
142,00;0.649;0.104;0.0476;0.0615
142,00;0.652;0.103;0.0748;0.0636
142,00;0.654;0.103;0.0265;0.0656
142,00;0.657;0.103;0.0572;0.0637
142,00;0.659;0.103;0.0176;0.0618
142,00;0.662;0.103;0.0777;0.064
142,00;0.665;0.103;0.016;0.0677
142,00;0.667;0.103;0.0178;0.0664
142,00;0.67;0.103;0.00209;0.0645
142,00;0.673;0.103;0.0356;0.0675
142,00;0.675;0.103;0.0251;0.0672
142,00;0.678;0.103;0.0427;0.0678
142,00;0.681;0.103;0.0182;0.0709
142,00;0.684;0.103;0.0308;0.0674
142,00;0.686;0.103;0.0119;0.0673
142,00;0.689;0.103;0.0737;0.0702
142,00;0.692;0.103;0.0453;0.0697
143,00;0.695;0.103;0.00453;0.0707
143,00;0.697;0.103;0.0501;0.0696
143,00;0.7;0.103;0.109;0.0702
143,00;0.703;0.103;0.0874;0.0766
143,00;0.706;0.103;0.0173;0.0779
143,00;0.709;0.103;0.101;0.0735
143,00;0.712;0.103;0.0419;0.0709
143,00;0.715;0.103;0.028;0.0711
143,00;0.718;0.103;0.0459;0.0724
143,00;0.721;0.103;0.0342;0.0737
143,00;0.724;0.103;0.0136;0.0713
143,00;0.726;0.103;0.0355;0.0705
143,00;0.729;0.103;0.0498;0.0709
143,00;0.732;0.103;0.0445;0.0652
143,00;0.735;0.103;0.0139;0.0669
143,00;0.737;0.103;0.0286;0.0679
143,00;0.74;0.103;0.0647;0.0637
143,00;0.742;0.103;0.0358;0.0626
143,00;0.745;0.103;0.0344;0.063
143,00;0.747;0.103;0.016;0.0641
143,00;0.75;0.104;0.0539;0.0641
143,00;0.753;0.104;0.0676;0.0608
143,00;0.755;0.104;0.0512;0.0584
143,00;0.757;0.104;0.0443;0.0581
143,00;0.76;0.104;0.0259;0.0575
144,00;0.762;0.104;0.0377;0.0569
144,00;0.764;0.105;0.0684;0.0563
144,00;0.766;0.105;0.0252;0.057
144,00;0.769;0.105;0.103;0.0551
144,00;0.771;0.105;0.0994;0.0494
144,00;0.773;0.105;0.0235;0.0478
144,00;0.775;0.105;0.0348;0.0489
144,00;0.776;0.106;0.0379;0.0457
144,00;0.778;0.106;0.0549;0.0452
144,00;0.78;0.106;0.0646;0.0432
144,00;0.782;0.106;0.0695;0.041
144,00;0.783;0.106;0.0722;0.041
144,00;0.785;0.106;0.124;0.0352
144,00;0.786;0.107;0.0799;0.0312
144,00;0.787;0.107;0.038;0.0293
144,00;0.788;0.107;0.0263;0.0279
144,00;0.79;0.107;0.0215;0.0274
144,00;0.791;0.107;0.0454;0.0264
144,00;0.792;0.107;0.087;0.0239
144,00;0.793;0.107;0.0673;0.0195
144,00;0.793;0.107;0.0692;0.0179
144,00;0.794;0.107;0.039;0.0153
144,00;0.794;0.107;0.0756;0.0141
144,00;0.795;0.107;0.0688;0.0114
144,00;0.795;0.107;0.0491;0.00663
145,00;0.796;0.107;0.0116;0.00821
145,00;0.796;0.107;0.0492;0.00791
145,00;0.796;0.107;0.079;0.00406
145,00;0.796;0.107;0.0532;0.00136
145,00;0.796;0.107;0.0402;0.000774
145,00;0.796;0.107;0.0727;0.00204
145,00;0.796;0.107;0.0897;0.00575
145,00;0.796;0.106;0.0285;0.00946
145,00;0.795;0.106;0.0669;0.00841
145,00;0.795;0.106;0.0465;0.0129
145,00;0.794;0.106;0.078;0.0151
145,00;0.794;0.106;0.0202;0.016
145,00;0.793;0.106;0.0373;0.0194
145,00;0.792;0.106;0.033;0.0174
145,00;0.792;0.106;0.0966;0.0218
145,00;0.791;0.106;0.084;0.0262
145,00;0.79;0.106;0.0399;0.0278
145,00;0.788;0.106;0.0325;0.0296
145,00;0.787;0.106;0.0396;0.0303
145,00;0.786;0.106;0.0558;0.0312
145,00;0.785;0.106;0.071;0.0326
145,00;0.784;0.105;0.101;0.0365
145,00;0.782;0.105;0.0564;0.0401
145,00;0.78;0.105;0.0351;0.0386
145,00;0.779;0.105;0.0326;0.0417
146,00;0.777;0.105;0.0582;0.043
146,00;0.775;0.105;0.0627;0.044
146,00;0.773;0.105;0.0665;0.0496
146,00;0.771;0.105;0.0267;0.0481
146,00;0.77;0.104;0.0625;0.0483
146,00;0.768;0.104;0.0811;0.0526
146,00;0.765;0.104;0.0029;0.0528
146,00;0.763;0.104;0.0473;0.0521
146,00;0.761;0.104;0.0151;0.0504
146,00;0.759;0.104;0.0643;0.0516
146,00;0.757;0.104;0.0671;0.056
146,00;0.755;0.103;0.0388;0.0568
146,00;0.753;0.103;0.0676;0.0569
146,00;0.75;0.103;0.015;0.0574
146,00;0.748;0.103;0.00521;0.0576
146,00;0.746;0.103;0.00868;0.0578
146,00;0.743;0.103;0.00895;0.0579
146,00;0.741;0.103;0.022;0.058
146,00;0.739;0.103;0.00675;0.059
146,00;0.736;0.103;0.0172;0.0589
146,00;0.734;0.103;0.0121;0.0595
146,00;0.732;0.103;0.028;0.0604
146,00;0.729;0.103;0.0387;0.0609
146,00;0.727;0.103;0.0569;0.0632
146,00;0.724;0.103;0.0072;0.0651
147,00;0.722;0.103;0.0224;0.0639
147,00;0.719;0.103;0.0443;0.0641
147,00;0.716;0.103;0.0598;0.062
147,00;0.714;0.103;0.0567;0.0587
147,00;0.712;0.103;0.0675;0.0608
147,00;0.709;0.103;0.0723;0.064
147,00;0.707;0.103;0.0483;0.0666
147,00;0.704;0.103;0.0575;0.0649
147,00;0.701;0.103;0.0442;0.0623
147,00;0.699;0.103;0.0274;0.0632
147,00;0.696;0.103;0.0301;0.0639
147,00;0.694;0.103;0.0819;0.0608
147,00;0.692;0.103;0.0537;0.0584
147,00;0.689;0.103;0.0283;0.058
147,00;0.687;0.103;0.0343;0.0562
147,00;0.685;0.103;0.0136;0.0555
147,00;0.682;0.103;0.0293;0.0574
147,00;0.68;0.103;0.00141;0.0582
147,00;0.678;0.103;0.0247;0.0572
147,00;0.676;0.103;0.0133;0.0564
147,00;0.673;0.103;0.0272;0.056
147,00;0.671;0.103;0.0184;0.0546
147,00;0.669;0.103;0.0309;0.054
147,00;0.667;0.103;0.0419;0.0529
147,00;0.665;0.103;0.0163;0.05
148,00;0.663;0.103;0.0235;0.0514
148,00;0.661;0.103;0.0326;0.052
148,00;0.659;0.103;0.0454;0.0484
148,00;0.657;0.103;0.0272;0.0478
148,00;0.655;0.103;0.0162;0.048
148,00;0.653;0.103;0.00897;0.0461
148,00;0.651;0.103;0.0478;0.0473
148,00;0.649;0.103;0.0299;0.044
148,00;0.648;0.103;0.0552;0.0429
148,00;0.646;0.103;0.00391;0.0422
148,00;0.644;0.103;0.0483;0.0404
148,00;0.642;0.103;0.0449;0.0406
148,00;0.641;0.103;0.0841;0.036
148,00;0.64;0.103;0.0389;0.0338
148,00;0.638;0.103;0.0311;0.0339
148,00;0.637;0.103;0.0121;0.0355
148,00;0.635;0.103;0.0529;0.0338
148,00;0.634;0.103;0.0655;0.0304
148,00;0.633;0.103;0.0464;0.029
148,00;0.632;0.103;0.0689;0.0267
148,00;0.631;0.103;0.0648;0.0235
148,00;0.63;0.103;0.0349;0.0213
148,00;0.629;0.103;0.0317;0.0209
148,00;0.628;0.103;0.0619;0.0191
148,00;0.628;0.103;0.0299;0.0158
149,00;0.627;0.103;0.0465;0.0168
149,00;0.626;0.103;0.0856;0.0138
149,00;0.626;0.103;0.055;0.00803
149,00;0.626;0.103;0.00757;0.00994
149,00;0.625;0.103;0.0608;0.00967
149,00;0.625;0.103;0.103;0.00453
149,00;0.625;0.103;0.0585;0.00116
149,00;0.625;0.103;0.0189;0.0000789
149,00;0.625;0.103;0.0128;0.000713
149,00;0.625;0.103;0.0189;0.000756
149,00;0.625;0.103;0.044;0.00184
149,00;0.625;0.103;0.103;0.00414
149,00;0.625;0.103;0.056;0.00975
149,00;0.626;0.103;0.0122;0.0102
149,00;0.626;0.103;0.0321;0.00854
149,00;0.626;0.103;0.035;0.0135
149,00;0.627;0.103;0.0432;0.0124
149,00;0.627;0.103;0.0783;0.0145
149,00;0.628;0.103;0.0474;0.0209
149,00;0.629;0.103;0.00633;0.018
149,00;0.63;0.103;0.0627;0.019
149,00;0.631;0.103;0.0918;0.0244
149,00;0.632;0.103;0.0516;0.026
149,00;0.633;0.103;0.0363;0.0282
149,00;0.634;0.103;0.0215;0.0294
150,00;0.635;0.103;0.0152;0.0294
150,00;0.636;0.103;0.0176;0.0307
150,00;0.637;0.103;0.0233;0.0309
150,00;0.639;0.103;0.039;0.0319
150,00;0.64;0.103;0.0525;0.0343
150,00;0.641;0.103;0.0343;0.0361
150,00;0.643;0.103;0.0325;0.0369
150,00;0.644;0.103;0.0412;0.0384
150,00;0.646;0.103;0.0169;0.0404
150,00;0.648;0.103;0.0345;0.0399
150,00;0.649;0.103;0.0229;0.0422
150,00;0.651;0.103;0.0357;0.043
150,00;0.653;0.103;0.0163;0.0433
150,00;0.654;0.103;0.0412;0.0439
150,00;0.656;0.103;0.0163;0.0449
150,00;0.658;0.103;0.0183;0.0448
150,00;0.66;0.103;0.0241;0.0442
150,00;0.662;0.103;0.0438;0.0476
150,00;0.663;0.103;0.00934;0.0473
150,00;0.665;0.103;0.0221;0.0478
150,00;0.667;0.103;0.036;0.0469
150,00;0.669;0.103;0.0232;0.0451
150,00;0.671;0.103;0.0451;0.0483
150,00;0.673;0.103;0.0165;0.0498
150,00;0.675;0.103;0.0191;0.0464
151,00;0.677;0.103;0.0497;0.048
151,00;0.679;0.103;0.0434;0.0514
151,00;0.681;0.103;0.0307;0.0512
151,00;0.683;0.103;0.0152;0.0491
151,00;0.685;0.103;0.0334;0.0497
151,00;0.687;0.103;0.0347;0.0524
151,00;0.689;0.103;0.0379;0.0523
151,00;0.691;0.103;0.0278;0.05
151,00;0.693;0.103;0.0355;0.0507
151,00;0.695;0.103;0.0594;0.0537
151,00;0.697;0.103;0.0339;0.0548
151,00;0.699;0.103;0.0482;0.0555
151,00;0.702;0.103;0.0587;0.0579
151,00;0.704;0.103;0.0171;0.0606
151,00;0.706;0.103;0.0286;0.0592
151,00;0.709;0.103;0.0286;0.0577
151,00;0.711;0.103;0.0264;0.0574
151,00;0.713;0.103;0.0219;0.0557
151,00;0.716;0.103;0.0361;0.0563
151,00;0.718;0.103;0.0308;0.0584
151,00;0.72;0.103;0.0257;0.0586
151,00;0.723;0.103;0.0551;0.0565
151,00;0.725;0.103;0.0549;0.0539
151,00;0.727;0.103;0.0609;0.0523
151,00;0.729;0.103;0.0105;0.0492
152,00;0.731;0.103;0.0251;0.0505
152,00;0.733;0.103;0.0497;0.0523
152,00;0.735;0.103;0.0589;0.0467
152,00;0.737;0.103;0.0606;0.0462
152,00;0.739;0.103;0.00523;0.0452
152,00;0.74;0.103;0.0455;0.0439
152,00;0.742;0.103;0.0132;0.0438
152,00;0.744;0.103;0.0483;0.0426
152,00;0.746;0.103;0.0306;0.0419
152,00;0.747;0.103;0.096;0.0427
152,00;0.749;0.104;0.052;0.0411
152,00;0.75;0.104;0.053;0.0405
152,00;0.752;0.104;0.0755;0.042
152,00;0.754;0.104;0.0737;0.0367
152,00;0.755;0.104;0.00746;0.0359
152,00;0.757;0.104;0.00516;0.0377
152,00;0.758;0.104;0.0607;0.0359
152,00;0.76;0.104;0.064;0.0322
152,00;0.761;0.104;0.0256;0.0311
152,00;0.762;0.105;0.0362;0.0305
152,00;0.763;0.104;0.0211;0.0293
152,00;0.764;0.104;0.0268;0.0288
152,00;0.766;0.105;0.0152;0.0282
152,00;0.767;0.105;0.0364;0.0273
152,00;0.768;0.105;0.0108;0.0267
153,00;0.769;0.104;0.0326;0.0265
153,00;0.77;0.104;0.0616;0.0252
153,00;0.771;0.105;0.081;0.0217
153,00;0.772;0.105;0.0383;0.0188
153,00;0.772;0.105;0.0542;0.0195
153,00;0.773;0.104;0.016;0.0159
153,00;0.774;0.104;0.0561;0.0158
153,00;0.774;0.104;0.019;0.0147
153,00;0.775;0.104;0.0599;0.0113
153,00;0.775;0.104;0.0445;0.0122
153,00;0.776;0.104;0.0863;0.00716
153,00;0.776;0.104;0.0613;0.00477
153,00;0.776;0.104;0.0434;0.00311
153,00;0.776;0.104;0.0445;0.000712
153,00;0.776;0.104;0.0439;0.000415
153,00;0.776;0.104;0.0408;0.00269
153,00;0.776;0.104;0.00892;0.00404
153,00;0.776;0.104;0.0277;0.00295
153,00;0.776;0.104;0.0126;0.00188
153,00;0.776;0.104;0.0972;0.0035
153,00;0.775;0.104;0.0786;0.00979
153,00;0.775;0.104;0.00551;0.011
153,00;0.774;0.104;0.0301;0.008
153,00;0.774;0.104;0.0431;0.013
153,00;0.773;0.104;0.053;0.0136
154,00;0.773;0.104;0.0374;0.0144
154,00;0.772;0.104;0.0543;0.0189
154,00;0.772;0.104;0.0224;0.0176
154,00;0.771;0.104;0.0682;0.0203
154,00;0.77;0.104;0.0456;0.0239
154,00;0.769;0.104;0.0121;0.0237
154,00;0.768;0.104;0.00958;0.0227
154,00;0.767;0.104;0.0191;0.0229
154,00;0.766;0.104;0.0452;0.0243
154,00;0.765;0.104;0.043;0.0265
154,00;0.764;0.104;0.0296;0.0279
154,00;0.763;0.104;0.0182;0.0286
154,00;0.762;0.104;0.0376;0.0294
154,00;0.761;0.104;0.0291;0.0302
154,00;0.759;0.104;0.0319;0.0312
154,00;0.758;0.104;0.0443;0.0314
154,00;0.757;0.104;0.0667;0.0336
154,00;0.755;0.104;0.0198;0.0375
154,00;0.754;0.104;0.0415;0.0355
154,00;0.753;0.104;0.0469;0.0331
154,00;0.751;0.104;0.0876;0.0366
154,00;0.75;0.103;0.0266;0.04
154,00;0.748;0.103;0.0438;0.0372
154,00;0.747;0.103;0.0561;0.04
154,00;0.745;0.103;0.0165;0.0416
155,00;0.743;0.103;0.00182;0.0372
155,00;0.742;0.103;0.023;0.0417
155,00;0.74;0.103;0.0396;0.0409
155,00;0.739;0.103;0.0188;0.0418
155,00;0.737;0.103;0.0465;0.0427
155,00;0.735;0.103;0.0299;0.0424
155,00;0.733;0.103;0.0666;0.0436
155,00;0.732;0.103;0.00945;0.0445
155,00;0.73;0.103;0.0314;0.0456
155,00;0.728;0.103;0.0243;0.0449
155,00;0.726;0.103;0.0218;0.0487
155,00;0.724;0.103;0.0101;0.0467
155,00;0.722;0.103;0.0416;0.0472
155,00;0.72;0.103;0.0198;0.0514
155,00;0.718;0.103;0.0526;0.0489
155,00;0.717;0.103;0.0433;0.0461
155,00;0.715;0.103;0.00725;0.0461
155,00;0.713;0.103;0.0219;0.0459
155,00;0.711;0.103;0.0259;0.0475
155,00;0.709;0.103;0.0246;0.0483
155,00;0.707;0.103;0.0193;0.0489
155,00;0.705;0.103;0.0202;0.0493
155,00;0.703;0.103;0.0285;0.0488
155,00;0.701;0.103;0.0402;0.0486
155,00;0.699;0.103;0.0575;0.0464
156,00;0.698;0.103;0.036;0.0438
156,00;0.696;0.103;0.00926;0.0434
156,00;0.694;0.103;0.0299;0.0447
156,00;0.692;0.103;0.0628;0.0427
156,00;0.691;0.103;0.0249;0.04
156,00;0.689;0.103;0.00848;0.0416
156,00;0.687;0.103;0.0521;0.0407
156,00;0.686;0.103;0.0369;0.0368
156,00;0.684;0.103;0.0143;0.0374
156,00;0.683;0.103;0.00769;0.0387
156,00;0.681;0.103;0.00374;0.0375
156,00;0.68;0.103;0.00718;0.0384
156,00;0.678;0.103;0.0318;0.0385
156,00;0.677;0.103;0.0492;0.0356
156,00;0.675;0.103;0.0305;0.0342
156,00;0.674;0.103;0.0539;0.0338
156,00;0.673;0.103;0.0437;0.0301
156,00;0.672;0.103;0.0197;0.0293
156,00;0.67;0.103;0.02;0.0299
156,00;0.669;0.103;0.0387;0.0272
156,00;0.668;0.103;0.00348;0.0266
156,00;0.667;0.103;0.0116;0.0272
156,00;0.666;0.103;0.00633;0.0273
156,00;0.665;0.103;0.0105;0.0269
156,00;0.664;0.103;0.00292;0.0264
157,00;0.663;0.103;0.00679;0.027
157,00;0.662;0.103;0.0127;0.0271
157,00;0.661;0.103;0.00375;0.0276
157,00;0.659;0.103;0.0296;0.0273
157,00;0.658;0.103;0.072;0.025
157,00;0.657;0.103;0.0586;0.0217
157,00;0.657;0.103;0.0117;0.0199
157,00;0.656;0.103;0.035;0.0226
157,00;0.655;0.103;0.0457;0.0234
157,00;0.654;0.103;0.0517;0.0186
157,00;0.653;0.103;0.0322;0.0182
157,00;0.653;0.103;0.026;0.0178
157,00;0.652;0.103;0.0672;0.0147
157,00;0.651;0.103;0.00413;0.0132
157,00;0.651;0.103;0.0293;0.0141
157,00;0.65;0.103;0.00719;0.0126
157,00;0.65;0.103;0.0333;0.0119
157,00;0.649;0.103;0.0477;0.012
157,00;0.649;0.103;0.0372;0.00687
157,00;0.649;0.103;0.0269;0.00853
157,00;0.648;0.103;0.0292;0.0104
157,00;0.648;0.103;0.0946;0.00577
157,00;0.648;0.103;0.0679;0.00226
157,00;0.648;0.103;0.0128;0.000839
157,00;0.648;0.103;0.02;0.000999
158,00;0.648;0.103;0.0213;0.000323
158,00;0.648;0.103;0.0202;0.00159
158,00;0.648;0.103;0.00723;0.00121
158,00;0.648;0.103;0.00245;0.00109
158,00;0.648;0.103;0.00745;0.000996
158,00;0.648;0.103;0.0282;0.00156
158,00;0.648;0.103;0.0889;0.00324
158,00;0.648;0.103;0.0744;0.00833
158,00;0.649;0.103;0.0139;0.0104
158,00;0.649;0.103;0.00313;0.00641
158,00;0.649;0.103;0.0568;0.00956
158,00;0.65;0.103;0.0521;0.013
158,00;0.65;0.103;0.00565;0.0123
158,00;0.651;0.103;0.025;0.0132
158,00;0.651;0.103;0.0265;0.0105
158,00;0.652;0.103;0.0046;0.0138
158,00;0.652;0.103;0.0556;0.0136
158,00;0.653;0.103;0.00366;0.0147
158,00;0.653;0.103;0.0462;0.017
158,00;0.654;0.103;0.0154;0.0156
158,00;0.655;0.103;0.0194;0.0197
158,00;0.656;0.103;0.00571;0.0174
158,00;0.656;0.103;0.0548;0.0181
158,00;0.657;0.103;0.031;0.0232
158,00;0.658;0.103;0.0553;0.0208
159,00;0.659;0.103;0.013;0.0176
159,00;0.659;0.103;0.0797;0.0217
159,00;0.66;0.103;0.0323;0.0252
159,00;0.661;0.103;0.0333;0.0237
159,00;0.662;0.103;0.0222;0.0223
159,00;0.663;0.103;0.0229;0.0221
159,00;0.664;0.103;0.0574;0.0239
159,00;0.665;0.103;0.0463;0.027
159,00;0.666;0.103;0.01;0.0277
159,00;0.667;0.103;0.0074;0.0274
159,00;0.668;0.103;0.00798;0.0281
159,00;0.67;0.103;0.0079;0.0281
159,00;0.671;0.103;0.0123;0.0284
159,00;0.672;0.103;0.013;0.0293
159,00;0.673;0.103;0.0042;0.0293
159,00;0.674;0.103;0.00398;0.0293
159,00;0.675;0.103;0.00482;0.0293
159,00;0.677;0.103;0.00592;0.0295
159,00;0.678;0.103;0.00797;0.0297
159,00;0.679;0.103;0.024;0.0301
159,00;0.68;0.103;0.00366;0.0315
159,00;0.681;0.103;0.00526;0.0306
159,00;0.683;0.103;0.0271;0.0301
159,00;0.684;0.103;0.009;0.0297
159,00;0.685;0.103;0.0133;0.0292
160,00;0.686;0.103;0.0271;0.0313
160,00;0.687;0.103;0.0261;0.0312
160,00;0.689;0.103;0.0482;0.0328
160,00;0.69;0.103;0.0239;0.0357
160,00;0.692;0.103;0.0204;0.0348
160,00;0.693;0.103;0.0322;0.0335
160,00;0.694;0.103;0.0573;0.0369
160,00;0.696;0.103;0.00954;0.039
160,00;0.697;0.103;0.0247;0.0365
160,00;0.699;0.103;0.0337;0.0368
160,00;0.7;0.103;0.0335;0.0397
160,00;0.702;0.103;0.0231;0.0395
160,00;0.703;0.103;0.0327;0.04
160,00;0.705;0.103;0.0353;0.0427
160,00;0.707;0.103;0.00663;0.0429
160,00;0.709;0.103;0.0149;0.0419
160,00;0.71;0.103;0.0172;0.0418
160,00;0.712;0.103;0.0396;0.0417
160,00;0.714;0.103;0.0292;0.039
160,00;0.715;0.103;0.00651;0.0385
160,00;0.717;0.103;0.0446;0.0399
160,00;0.718;0.103;0.0165;0.041
160,00;0.72;0.103;0.0427;0.0415
160,00;0.722;0.103;0.0457;0.0375
160,00;0.723;0.103;0.0238;0.0368
161,00;0.724;0.103;0.0105;0.0401
161,00;0.726;0.103;0.0763;0.0366
161,00;0.727;0.103;0.0475;0.0326
161,00;0.729;0.103;0.0315;0.0335
161,00;0.73;0.103;0.0453;0.0307
161,00;0.731;0.103;0.00844;0.0286
161,00;0.732;0.103;0.017;0.0308
161,00;0.734;0.103;0.0621;0.0279
161,00;0.735;0.103;0.0305;0.0246
161,00;0.736;0.103;0.0317;0.026
161,00;0.737;0.103;0.0197;0.0272
161,00;0.738;0.103;0.0107;0.0275
161,00;0.739;0.103;0.0115;0.027
161,00;0.74;0.103;0.00664;0.0266
161,00;0.741;0.103;0.0214;0.0268
161,00;0.742;0.103;0.0514;0.025
161,00;0.743;0.103;0.0573;0.0225
161,00;0.744;0.103;0.00799;0.0206
161,00;0.745;0.103;0.0267;0.0225
161,00;0.746;0.103;0.037;0.0232
161,00;0.747;0.103;0.0567;0.0188
161,00;0.747;0.103;0.00554;0.0182
161,00;0.748;0.103;0.0244;0.0194
161,00;0.749;0.103;0.0224;0.0164
161,00;0.749;0.103;0.0427;0.0167
162,00;0.75;0.103;0.0139;0.015
162,00;0.75;0.103;0.0465;0.0149
162,00;0.751;0.103;0.0184;0.0141
162,00;0.752;0.103;0.0328;0.011
162,00;0.752;0.103;0.0265;0.0132
162,00;0.753;0.103;0.0297;0.00905
162,00;0.753;0.103;0.00628;0.00925
162,00;0.753;0.103;0.0277;0.0114
162,00;0.754;0.103;0.0726;0.0066
162,00;0.754;0.103;0.0159;0.00481
162,00;0.754;0.103;0.0438;0.0076
162,00;0.755;0.103;0.0307;0.00865
162,00;0.755;0.103;0.0823;0.00531
162,00;0.755;0.103;0.0623;0.0015
162,00;0.755;0.103;0.0188;0.000468
162,00;0.755;0.103;0.00653;0.000152
162,00;0.755;0.103;0.00698;0.000139
162,00;0.755;0.103;0.0067;0.00035
162,00;0.755;0.103;0.0123;0.00069
162,00;0.755;0.103;0.0131;0.00127
162,00;0.755;0.103;0.0519;0.00183
162,00;0.755;0.103;0.07;0.00496
162,00;0.754;0.103;0.0378;0.00825
162,00;0.754;0.103;0.0432;0.00773
162,00;0.754;0.103;0.0373;0.00484
163,00;0.754;0.103;0.0605;0.00406
163,00;0.754;0.103;0.0651;0.00975
163,00;0.753;0.103;0.0336;0.0108
163,00;0.753;0.103;0.0208;0.00575
163,00;0.752;0.103;0.0504;0.0114
163,00;0.752;0.103;0.0424;0.0129
163,00;0.751;0.103;0.0145;0.0114
163,00;0.751;0.103;0.0545;0.0141
163,00;0.75;0.103;0.00765;0.0145
163,00;0.75;0.103;0.027;0.0146
163,00;0.749;0.103;0.0144;0.0154
163,00;0.748;0.103;0.0448;0.0149
163,00;0.748;0.103;0.00707;0.017
163,00;0.747;0.103;0.0325;0.017
163,00;0.747;0.103;0.0428;0.0167
163,00;0.746;0.103;0.0141;0.0224
163,00;0.745;0.103;0.0365;0.0181
163,00;0.744;0.103;0.0457;0.0172
163,00;0.743;0.103;0.0774;0.0234
163,00;0.742;0.103;0.0419;0.0235
163,00;0.742;0.103;0.0353;0.0197
163,00;0.741;0.103;0.0497;0.02
163,00;0.74;0.103;0.0682;0.0244
163,00;0.739;0.103;0.041;0.0257
163,00;0.738;0.103;0.0085;0.0269
164,00;0.737;0.103;0.0249;0.0261
164,00;0.736;0.103;0.0305;0.0273
164,00;0.735;0.103;0.0374;0.0302
164,00;0.733;0.103;0.00279;0.0293
164,00;0.732;0.103;0.0132;0.0302
164,00;0.731;0.103;0.00566;0.0304
164,00;0.73;0.103;0.00847;0.0301
164,00;0.729;0.103;0.00276;0.03
164,00;0.727;0.103;0.00672;0.0298
164,00;0.726;0.103;0.012;0.0296
164,00;0.725;0.103;0.00514;0.0297
164,00;0.724;0.103;0.0178;0.0301
164,00;0.723;0.103;0.00884;0.0309
164,00;0.721;0.103;0.0353;0.0303
164,00;0.72;0.103;0.0548;0.0326
164,00;0.719;0.103;0.0388;0.0361
164,00;0.717;0.103;0.0416;0.0351
164,00;0.716;0.103;0.0506;0.033
164,00;0.715;0.103;0.0354;0.0308
164,00;0.713;0.103;0.00635;0.0303
164,00;0.712;0.103;0.0164;0.0305
164,00;0.711;0.103;0.00927;0.0315
164,00;0.71;0.103;0.01;0.0302
164,00;0.709;0.103;0.0167;0.0299
164,00;0.707;0.103;0.0234;0.03
165,00;0.706;0.103;0.00818;0.0305
165,00;0.705;0.103;0.0415;0.0314
165,00;0.704;0.103;0.0216;0.0328
165,00;0.702;0.103;0.0101;0.0337
165,00;0.701;0.103;0.0427;0.0316
165,00;0.7;0.103;0.0292;0.0305
165,00;0.699;0.103;0.021;0.0292
165,00;0.697;0.103;0.0111;0.0288
165,00;0.696;0.103;0.00074;0.0286
165,00;0.695;0.103;0.00285;0.0287
165,00;0.694;0.103;0.0245;0.0286
165,00;0.693;0.103;0.0285;0.0268
165,00;0.692;0.103;0.0236;0.0265
165,00;0.691;0.103;0.0142;0.0258
165,00;0.69;0.103;0.0703;0.0248
165,00;0.689;0.103;0.0293;0.0212
165,00;0.688;0.103;0.00705;0.0206
165,00;0.687;0.103;0.0179;0.0225
165,00;0.686;0.103;0.0418;0.0185
165,00;0.686;0.103;0.00852;0.0185
165,00;0.685;0.103;0.0132;0.0191
165,00;0.684;0.103;0.00386;0.0168
165,00;0.683;0.103;0.0281;0.019
165,00;0.683;0.103;0.0228;0.0163
165,00;0.682;0.103;0.0488;0.0146
166,00;0.681;0.103;0.024;0.0149
166,00;0.681;0.103;0.0436;0.0144
166,00;0.68;0.103;0.0131;0.0135
166,00;0.68;0.103;0.0399;0.0133
166,00;0.679;0.103;0.0294;0.0127
166,00;0.679;0.103;0.0288;0.00897
166,00;0.678;0.103;0.00874;0.011
166,00;0.678;0.103;0.0259;0.00907
166,00;0.678;0.103;0.00641;0.00759
166,00;0.677;0.103;0.0156;0.00952
166,00;0.677;0.103;0.0464;0.00873
166,00;0.677;0.103;0.0426;0.0058
166,00;0.676;0.103;0.011;0.00476
166,00;0.676;0.103;0.0514;0.00703
166,00;0.676;0.103;0.0173;0.00902
166,00;0.676;0.103;0.0821;0.00615
166,00;0.675;0.103;0.0553;0.00152
166,00;0.675;0.103;0.0168;0.00172
166,00;0.675;0.103;0.0174;0.001
166,00;0.675;0.103;0.0223;0.000522
166,00;0.675;0.103;0.0023;0.00031
166,00;0.675;0.103;0.00475;0.000549
166,00;0.675;0.103;0.00143;0.000603
166,00;0.675;0.103;0.00141;0.000633
166,00;0.675;0.103;0.0028;0.000571
167,00;0.675;0.103;0.00557;0.000819
167,00;0.676;0.103;0.00748;0.00106
167,00;0.676;0.103;0.00634;0.00135
167,00;0.676;0.103;0.0212;0.00164
167,00;0.676;0.103;0.0274;0.00285
167,00;0.676;0.103;0.0417;0.00415
167,00;0.676;0.103;0.0322;0.00582
167,00;0.676;0.103;0.0142;0.00718
167,00;0.677;0.103;0.0393;0.00474
167,00;0.677;0.103;0.0269;0.00331
167,00;0.677;0.103;0.0854;0.00703
167,00;0.677;0.103;0.00766;0.0107
167,00;0.678;0.103;0.0555;0.00796
167,00;0.678;0.103;0.00952;0.00507
167,00;0.678;0.103;0.0552;0.00897
167,00;0.679;0.103;0.0127;0.0105
167,00;0.679;0.103;0.0207;0.00725
167,00;0.679;0.103;0.029;0.0112
167,00;0.68;0.103;0.0372;0.0121
167,00;0.68;0.103;0.00252;0.0114
167,00;0.681;0.103;0.0303;0.0141
167,00;0.681;0.103;0.0226;0.0129
167,00;0.682;0.103;0.034;0.0126
167,00;0.682;0.103;0.0297;0.0103
167,00;0.683;0.103;0.0114;0.0137
168,00;0.683;0.103;0.042;0.0136
168,00;0.684;0.103;0.0201;0.0139
168,00;0.684;0.103;0.0485;0.0151
168,00;0.685;0.103;0.00938;0.015
168,00;0.686;0.103;0.0272;0.0169
168,00;0.686;0.103;0.0166;0.0156
168,00;0.687;0.103;0.0302;0.0187
168,00;0.688;0.103;0.0173;0.0185
168,00;0.688;0.103;0.0367;0.019
168,00;0.689;0.103;0.0216;0.0223
168,00;0.69;0.103;0.0372;0.021
168,00;0.691;0.103;0.00393;0.0185
168,00;0.692;0.103;0.0499;0.021
168,00;0.693;0.103;0.054;0.0233
168,00;0.694;0.103;0.0132;0.0246
168,00;0.695;0.103;0.0301;0.025
168,00;0.696;0.103;0.0282;0.0219
168,00;0.696;0.103;0.0317;0.0221
168,00;0.697;0.103;0.049;0.0252
168,00;0.698;0.103;0.0181;0.026
168,00;0.699;0.103;0.0174;0.0263
168,00;0.7;0.103;0.0209;0.0274
168,00;0.702;0.103;0.0272;0.0281
168,00;0.703;0.103;0.0254;0.0293
168,00;0.704;0.103;0.0227;0.0305
169,00;0.705;0.103;0.00669;0.0308
169,00;0.706;0.103;0.0197;0.0301
169,00;0.708;0.103;0.015;0.029
169,00;0.709;0.103;0.00583;0.029
169,00;0.71;0.103;0.00477;0.0294
169,00;0.711;0.103;0.0131;0.0291
169,00;0.712;0.103;0.0111;0.0286
169,00;0.713;0.103;0.00898;0.0283
169,00;0.714;0.103;0.00704;0.0279
169,00;0.716;0.103;0.0185;0.028
169,00;0.717;0.103;0.0148;0.029
169,00;0.718;0.103;0.00158;0.0293
169,00;0.719;0.103;0.00659;0.0289
169,00;0.72;0.103;0.0138;0.0289
169,00;0.721;0.103;0.0201;0.0279
169,00;0.722;0.103;0.0528;0.027
169,00;0.724;0.103;0.0884;0.0243
169,00;0.724;0.103;0.0219;0.0195
169,00;0.725;0.103;0.0492;0.0217
169,00;0.726;0.103;0.0227;0.025
169,00;0.727;0.103;0.0822;0.0197
169,00;0.728;0.103;0.00482;0.0171
169,00;0.728;0.103;0.022;0.0207
169,00;0.729;0.103;0.0206;0.0164
169,00;0.73;0.103;0.0293;0.0163
170,00;0.731;0.103;0.0154;0.0173
170,00;0.731;0.103;0.0731;0.015
170,00;0.732;0.103;0.0134;0.0135
170,00;0.732;0.103;0.0391;0.0139
170,00;0.733;0.103;0.027;0.0129
170,00;0.733;0.103;0.0494;0.0131
170,00;0.734;0.103;0.0293;0.0123
170,00;0.734;0.103;0.0304;0.00787
170,00;0.735;0.103;0.0153;0.0111
170,00;0.735;0.103;0.0566;0.00952
170,00;0.735;0.103;0.0339;0.00571
170,00;0.736;0.103;0.0258;0.00674
170,00;0.736;0.103;0.00325;0.00848
170,00;0.736;0.103;0.0547;0.00686
170,00;0.736;0.103;0.0666;0.00395
170,00;0.737;0.103;0.038;0.00145
170,00;0.737;0.103;0.00199;0.0008
170,00;0.737;0.103;0.00392;0.00154
170,00;0.737;0.103;0.0232;0.000721
170,00;0.737;0.103;0.0223;0.000706
170,00;0.737;0.103;0.00224;0.000964
170,00;0.737;0.103;0.00117;0.00079
170,00;0.737;0.103;0.00223;0.000797
170,00;0.737;0.103;0.00202;0.00087
170,00;0.737;0.103;0.00622;0.000675
171,00;0.737;0.103;0.00402;0.0012
171,00;0.736;0.103;0.0178;0.00118
171,00;0.736;0.103;0.0232;0.00216
171,00;0.736;0.103;0.0591;0.00357
171,00;0.736;0.103;0.0581;0.00624
171,00;0.736;0.103;0.00789;0.00902
171,00;0.735;0.103;0.059;0.00569
171,00;0.735;0.103;0.0234;0.00324
171,00;0.735;0.103;0.0881;0.00772
171,00;0.735;0.103;0.00493;0.0112
171,00;0.734;0.103;0.0242;0.00735
171,00;0.734;0.103;0.0312;0.00765
171,00;0.734;0.103;0.00989;0.0116
171,00;0.733;0.103;0.00742;0.00824
171,00;0.733;0.103;0.0416;0.0105
171,00;0.732;0.103;0.0227;0.0139
171,00;0.732;0.103;0.00289;0.011
171,00;0.731;0.103;0.0118;0.0133
171,00;0.731;0.103;0.0364;0.0117
171,00;0.731;0.103;0.0142;0.0135
171,00;0.73;0.103;0.0563;0.0139
171,00;0.729;0.103;0.0387;0.0145
171,00;0.729;0.103;0.0522;0.0145
171,00;0.728;0.103;0.0087;0.0149
171,00;0.727;0.103;0.0347;0.0182
172,00;0.727;0.103;0.00655;0.0155
172,00;0.726;0.103;0.00206;0.0191
172,00;0.725;0.103;0.0106;0.0168
172,00;0.725;0.103;0.0484;0.0173
172,00;0.724;0.103;0.00744;0.0229
172,00;0.723;0.103;0.0368;0.0179
172,00;0.722;0.103;0.0428;0.0178
172,00;0.722;0.103;0.0377;0.0234
172,00;0.721;0.103;0.0592;0.0207
172,00;0.72;0.103;0.0139;0.0176
172,00;0.719;0.103;0.0627;0.0217
172,00;0.718;0.103;0.0316;0.024
172,00;0.717;0.103;0.058;0.0187
172,00;0.717;0.103;0.0125;0.0181
172,00;0.716;0.103;0.00405;0.0211
172,00;0.715;0.103;0.0307;0.0184
172,00;0.714;0.103;0.0172;0.0176
172,00;0.714;0.103;0.00172;0.0203
172,00;0.713;0.103;0.0129;0.0182
172,00;0.712;0.103;0.0139;0.0179
172,00;0.711;0.103;0.00623;0.0192
172,00;0.711;0.103;0.0131;0.0175
172,00;0.71;0.103;0.0173;0.0196
172,00;0.709;0.103;0.0352;0.0175
172,00;0.708;0.103;0.0258;0.015
173,00;0.708;0.103;0.00962;0.0166
173,00;0.707;0.103;0.00297;0.0155
173,00;0.707;0.103;0.00736;0.0162
173,00;0.706;0.103;0.0145;0.0165
173,00;0.705;0.103;0.0281;0.0165
173,00;0.705;0.103;0.0136;0.0152
173,00;0.704;0.103;0.0341;0.0144
173,00;0.703;0.103;0.00299;0.0137
173,00;0.703;0.103;0.0141;0.0134
173,00;0.702;0.103;0.0057;0.0138
173,00;0.702;0.103;0.012;0.0123
173,00;0.701;0.103;0.0367;0.013
173,00;0.701;0.103;0.00808;0.01
173,00;0.701;0.103;0.0173;0.0107
173,00;0.7;0.103;0.0323;0.0109
173,00;0.7;0.103;0.0401;0.00644
173,00;0.699;0.103;0.0481;0.00787
173,00;0.699;0.103;0.00187;0.0108
173,00;0.699;0.103;0.0621;0.00835
173,00;0.698;0.103;0.0296;0.00473
173,00;0.698;0.103;0.0499;0.00616
173,00;0.698;0.103;0.00113;0.00906
173,00;0.697;0.103;0.0572;0.00683
173,00;0.697;0.103;0.0631;0.00333
173,00;0.697;0.103;0.00132;0.00239
174,00;0.697;0.103;0.000432;0.00297
174,00;0.697;0.103;0.0338;0.00313
174,00;0.697;0.103;0.0114;0.0000478
174,00;0.697;0.103;0.0745;0.00141
174,00;0.697;0.103;0.0506;0.00682
174,00;0.696;0.103;0.0469;0.006
174,00;0.696;0.103;0.0658;0.00208
174,00;0.696;0.103;0.0213;0.000904
174,00;0.696;0.103;0.00824;0.000491
174,00;0.696;0.103;0.00412;0.000236
174,00;0.696;0.103;0.0027;0.000188
174,00;0.696;0.103;0.00425;0.0000466
174,00;0.696;0.103;0.00283;0.000174
174,00;0.696;0.103;0.000125;0.000198
174,00;0.696;0.103;0.00258;0.000157
174,00;0.696;0.103;0.00888;0.00035
174,00;0.696;0.103;0.0112;0.000866
174,00;0.696;0.103;0.00303;0.0013
174,00;0.696;0.103;0.00912;0.000711
174,00;0.696;0.103;0.00167;0.0016
174,00;0.696;0.103;0.0203;0.00161
174,00;0.696;0.103;0.00511;0.00223
174,00;0.697;0.103;0.0193;0.00241
174,00;0.697;0.103;0.0546;0.00258
174,00;0.697;0.103;0.0358;0.00731
175,00;0.697;0.103;0.0445;0.00635
175,00;0.697;0.103;0.0438;0.00243
175,00;0.697;0.103;0.0326;0.00309
175,00;0.698;0.103;0.0382;0.00523
175,00;0.698;0.103;0.0305;0.00631
175,00;0.698;0.103;0.0141;0.00734
175,00;0.698;0.103;0.0258;0.00583
175,00;0.699;0.103;0.00744;0.00433
175,00;0.699;0.103;0.0705;0.00685
175,00;0.699;0.103;0.00748;0.01
175,00;0.7;0.103;0.0148;0.00818
175,00;0.7;0.103;0.00713;0.00723
175,00;0.7;0.103;0.0223;0.00896
175,00;0.701;0.103;0.0233;0.00839
175,00;0.701;0.103;0.0292;0.00745
175,00;0.701;0.103;0.0366;0.00985
175,00;0.702;0.103;0.0119;0.0118
175,00;0.702;0.103;0.0218;0.00982
175,00;0.702;0.103;0.0067;0.0101
175,00;0.703;0.103;0.0208;0.00984
175,00;0.703;0.103;0.0394;0.0111
175,00;0.704;0.103;0.0335;0.0137
175,00;0.704;0.103;0.021;0.0136
175,00;0.705;0.103;0.0226;0.012
175,00;0.705;0.103;0.00834;0.0115
176,00;0.706;0.103;0.0194;0.0129
176,00;0.706;0.103;0.0278;0.0132
176,00;0.707;0.103;0.00373;0.0146
176,00;0.707;0.103;0.0131;0.0142
176,00;0.708;0.103;0.0165;0.0144
176,00;0.709;0.103;0.0237;0.0144
176,00;0.709;0.103;0.016;0.0148
176,00;0.71;0.103;0.0141;0.0147
176,00;0.71;0.103;0.0273;0.0144
176,00;0.711;0.103;0.0223;0.014
176,00;0.711;0.103;0.0156;0.0145
176,00;0.712;0.103;0.0278;0.0146
176,00;0.713;0.103;0.0254;0.0148
176,00;0.713;0.103;0.0152;0.0146
176,00;0.714;0.103;0.0232;0.014
176,00;0.714;0.103;0.0308;0.0145
176,00;0.715;0.103;0.0277;0.0149
176,00;0.716;0.103;0.0271;0.0141
176,00;0.716;0.103;0.0206;0.0148
176,00;0.717;0.103;0.0345;0.0149
176,00;0.717;0.103;0.0241;0.0151
176,00;0.718;0.103;0.0233;0.0155
176,00;0.718;0.103;0.0351;0.0146
176,00;0.719;0.103;0.0236;0.0147
176,00;0.72;0.103;0.0309;0.0146
177,00;0.72;0.103;0.0206;0.0141
177,00;0.721;0.103;0.0321;0.0142
177,00;0.721;0.103;0.0233;0.0138
177,00;0.722;0.103;0.053;0.0137
177,00;0.723;0.103;0.00506;0.0122
177,00;0.723;0.103;0.0218;0.0112
177,00;0.723;0.103;0.0139;0.013
177,00;0.724;0.103;0.0176;0.00876
177,00;0.724;0.103;0.00449;0.0111
177,00;0.725;0.103;0.0307;0.0109
177,00;0.725;0.103;0.0123;0.00702
177,00;0.725;0.103;0.0271;0.0101
177,00;0.726;0.103;0.0448;0.0104
177,00;0.726;0.103;0.0435;0.00559
177,00;0.726;0.103;0.0283;0.00631
177,00;0.727;0.103;0.0222;0.00899
177,00;0.727;0.103;0.0584;0.00777
177,00;0.727;0.103;0.072;0.00439
177,00;0.727;0.103;0.0303;0.00156
177,00;0.727;0.103;0.0127;0.00202
177,00;0.728;0.103;0.0218;0.00116
177,00;0.727;0.103;0.0241;0.000427
177,00;0.727;0.103;0.00403;0.00042
177,00;0.727;0.103;0.00512;0.00079
177,00;0.727;0.103;0.000514;0.000829
178,00;0.727;0.103;0.00189;0.000746
178,00;0.727;0.103;0.00216;0.000715
178,00;0.727;0.103;0.00253;0.000597
178,00;0.727;0.103;0.0138;0.000767
178,00;0.727;0.103;0.00851;0.00167
178,00;0.727;0.103;0.0346;0.0017
178,00;0.727;0.103;0.0296;0.00376
178,00;0.727;0.103;0.0736;0.00513
178,00;0.727;0.103;0.00368;0.00822
178,00;0.726;0.103;0.0434;0.00761
178,00;0.726;0.103;0.0166;0.00265
178,00;0.726;0.103;0.0754;0.00651
178,00;0.726;0.103;0.0158;0.0098
178,00;0.725;0.103;0.0617;0.00738
178,00;0.725;0.103;0.0048;0.00449
178,00;0.725;0.103;0.057;0.00723
178,00;0.724;0.103;0.00689;0.0103
178,00;0.724;0.103;0.0441;0.00742
178,00;0.724;0.103;0.0381;0.00606
178,00;0.724;0.103;0.0439;0.0106
178,00;0.723;0.103;0.0254;0.0109
178,00;0.723;0.103;0.000828;0.00719
178,00;0.722;0.103;0.0373;0.0106
178,00;0.722;0.103;0.0541;0.0118
178,00;0.721;0.103;0.000546;0.013
179,00;0.721;0.103;0.00607;0.0137
179,00;0.72;0.103;0.0138;0.0109
179,00;0.72;0.103;0.0179;0.013
179,00;0.719;0.103;0.015;0.0105
179,00;0.719;0.103;0.00692;0.00992
179,00;0.719;0.103;0.0352;0.0127
179,00;0.718;0.103;0.00657;0.012
179,00;0.718;0.103;0.033;0.0123
179,00;0.717;0.103;0.00313;0.00981
179,00;0.717;0.103;0.0155;0.0111
179,00;0.716;0.103;0.00722;0.0129
179,00;0.716;0.103;0.0156;0.00951
179,00;0.715;0.103;0.00984;0.0112
179,00;0.715;0.103;0.0431;0.0103
179,00;0.715;0.103;0.00557;0.00633
179,00;0.714;0.103;0.0405;0.00985
179,00;0.714;0.103;0.0274;0.011
179,00;0.713;0.103;0.0203;0.00666
179,00;0.713;0.103;0.042;0.0087
179,00;0.713;0.103;0.00926;0.0115
179,00;0.712;0.103;0.0328;0.00778
179,00;0.712;0.103;0.0341;0.00786
179,00;0.712;0.103;0.00454;0.0115
179,00;0.711;0.103;0.0565;0.00826
179,00;0.711;0.103;0.0237;0.00552
180,00;0.711;0.103;0.0422;0.00755
180,00;0.71;0.103;0.0246;0.00879
180,00;0.71;0.103;0.0527;0.00623
180,00;0.71;0.103;0.0253;0.00356
180,00;0.71;0.103;0.0254;0.00474
180,00;0.71;0.103;0.0406;0.00558
180,00;0.709;0.103;0.0101;0.00766
180,00;0.709;0.103;0.0492;0.0061
180,00;0.709;0.103;0.0599;0.00254
180,00;0.709;0.103;0.00674;0.0019
180,00;0.709;0.103;0.0125;0.00179
180,00;0.709;0.103;0.0131;0.00279
180,00;0.709;0.103;0.0246;0.00114
180,00;0.709;0.103;0.0136;0.000299
180,00;0.709;0.103;0.0162;0.00097
180,00;0.708;0.103;0.0332;0.00107
180,00;0.708;0.103;0.0249;0.00123
180,00;0.709;0.103;0.00742;0.00202
180,00;0.709;0.103;0.0189;0.000772
180,00;0.709;0.103;0.00246;0.00101
180,00;0.709;0.103;0.00418;0.000641
180,00;0.709;0.103;0.00486;0.00107
180,00;0.709;0.103;0.00685;0.00118
180,00;0.709;0.103;0.00987;0.000431
180,00;0.709;0.103;0.00263;0.000316
181,00;0.709;0.103;0.00166;0.000499
181,00;0.709;0.103;0.00157;0.000379
181,00;0.709;0.103;0.00113;0.000435
181,00;0.709;0.103;0.00322;0.000457
181,00;0.709;0.103;0.00484;0.000421
181,00;0.709;0.103;0.00395;0.000419
181,00;0.709;0.103;0.00631;0.000116
181,00;0.709;0.103;0.00321;0.000244
181,00;0.709;0.103;0.00592;0.000283
181,00;0.709;0.103;0.0153;0.000444
181,00;0.709;0.103;0.0016;0.00123
181,00;0.709;0.103;0.0177;0.000765
181,00;0.709;0.103;0.0153;0.000744
181,00;0.709;0.103;0.0111;0.000559
181,00;0.709;0.103;0.0082;0.000818
181,00;0.709;0.103;0.00602;0.000765
181,00;0.709;0.103;0.0105;0.000366
181,00;0.709;0.103;0.00979;0.00129
181,00;0.709;0.103;0.0211;0.00148
181,00;0.709;0.103;0.0186;0.00219
181,00;0.709;0.103;0.0301;0.000999
181,00;0.709;0.103;0.00573;0.0013
181,00;0.709;0.103;0.0146;0.00151
181,00;0.709;0.103;0.00314;0.000839
181,00;0.709;0.103;0.0108;0.000438
182,00;0.709;0.103;0.016;0.00185
182,00;0.709;0.103;0.00125;0.00146
182,00;0.709;0.103;0.0129;0.000843
182,00;0.709;0.103;0.0222;0.000207
182,00;0.709;0.103;0.0109;0.000219
182,00;0.709;0.103;0.09;0.00297
182,00;0.71;0.103;0.02;0.00568
182,00;0.71;0.103;0.0267;0.00619
182,00;0.71;0.103;0.0546;0.00231
182,00;0.71;0.103;0.00549;0.00204
182,00;0.71;0.103;0.00513;0.00286
182,00;0.71;0.103;0.0133;0.00193
182,00;0.71;0.103;0.045;0.00311
182,00;0.711;0.103;0.0532;0.00633
182,00;0.711;0.103;0.0261;0.00717
182,00;0.711;0.103;0.0502;0.00464
182,00;0.711;0.103;0.0211;0.00234
182,00;0.711;0.103;0.0229;0.00338
182,00;0.711;0.103;0.0175;0.00423
182,00;0.712;0.103;0.0462;0.00458
182,00;0.712;0.103;0.0105;0.00752
182,00;0.712;0.103;0.0411;0.00669
182,00;0.712;0.103;0.0591;0.00284
182,00;0.712;0.103;0.0221;0.00249
182,00;0.713;0.103;0.0473;0.00428
183,00;0.713;0.103;0.0439;0.00669
183,00;0.713;0.103;0.0261;0.00752
183,00;0.713;0.103;0.0564;0.00543
183,00;0.714;0.103;0.037;0.00236
183,00;0.714;0.103;0.0126;0.00266
183,00;0.714;0.103;0.0466;0.00351
183,00;0.714;0.103;0.048;0.00592
183,00;0.714;0.103;0.00916;0.00796
183,00;0.715;0.103;0.0536;0.00571
183,00;0.715;0.103;0.0379;0.00324
183,00;0.715;0.103;0.0241;0.00286
183,00;0.715;0.103;0.0369;0.00487
183,00;0.715;0.103;0.0354;0.0064
183,00;0.715;0.103;0.024;0.0071
183,00;0.716;0.103;0.0496;0.0053
183,00;0.716;0.103;0.0448;0.00216
183,00;0.716;0.103;0.0178;0.0021
183,00;0.716;0.103;0.0418;0.00345
183,00;0.716;0.103;0.0421;0.00564
183,00;0.716;0.103;0,00E+00;0.00687
183,00;0.717;0.103;0,00E+00;0,00E+00
